# q  I_recon
3.245493999999999810e-03 9.955709241912549246e-01
3.527709999999999874e-03 9.947699018343709731e-01
3.809926999999999845e-03 9.939030915989596204e-01
4.092143999999999816e-03 9.929706959419509760e-01
4.374361000000000221e-03 9.919729168199382663e-01
4.656577999999999759e-03 9.909100212024514187e-01
4.938795000000000164e-03 9.897823237976128841e-01
5.221011000000000228e-03 9.885901382316095720e-01
5.503227999999999766e-03 9.873337479590015286e-01
5.785445000000000171e-03 9.860134507811414428e-01
6.067661999999999708e-03 9.846295963811151353e-01
6.349879000000000114e-03 9.831825714543274142e-01
6.632095999999999651e-03 9.816727501654946009e-01
6.914311999999999715e-03 9.801004809350720715e-01
7.196529000000000120e-03 9.784660997618309652e-01
7.478745999999999658e-03 9.767700531630751914e-01
7.760963000000000063e-03 9.750128379818706614e-01
8.043180000000000468e-03 9.731949235378326568e-01
8.325397000000000006e-03 9.713167188404349117e-01
8.607613999999999543e-03 9.693786360479211828e-01
8.889829999999999607e-03 9.673811940328403969e-01
9.172046999999999145e-03 9.653249433453715556e-01
9.454264000000000417e-03 9.632104233849233532e-01
9.736480999999999955e-03 9.610381038195743297e-01
1.001869799999999949e-02 9.588084590629643023e-01
1.030091500000000077e-02 9.565220583552289657e-01
1.058313100000000083e-02 9.541795246505289096e-01
1.086534800000000037e-02 9.517814348102011657e-01
1.114756499999999990e-02 9.493283537221692825e-01
1.142978199999999944e-02 9.468208465571588128e-01
1.171199900000000071e-02 9.442595640486394215e-01
1.199421600000000025e-02 9.416451927069218186e-01
1.227643200000000032e-02 9.389783646879920065e-01
1.255864899999999985e-02 9.362595845776320314e-01
1.284086599999999939e-02 9.334894070368533470e-01
1.312308300000000066e-02 9.306685666831047143e-01
1.340530000000000020e-02 9.277978690693866604e-01
1.368751699999999974e-02 9.248780294032084015e-01
1.396973299999999980e-02 9.219096472948418164e-01
1.425194999999999934e-02 9.188933080666531472e-01
1.453416700000000061e-02 9.158297762504344908e-01
1.481638400000000015e-02 9.127198544647906475e-01
1.509860099999999969e-02 9.095642634079087463e-01
1.538081799999999923e-02 9.063636207127031552e-01
1.566303399999999929e-02 9.031185814569050452e-01
1.594525100000000056e-02 8.998299252595304276e-01
1.622746799999999837e-02 8.964985121886288599e-01
1.650968499999999964e-02 8.931251120336139993e-01
1.679190200000000091e-02 8.897104051064455010e-01
1.707411899999999871e-02 8.862550934821034065e-01
1.735633500000000051e-02 8.827600076412289720e-01
1.763855199999999832e-02 8.792259687238699328e-01
1.792076899999999959e-02 8.756537459654465394e-01
1.820298600000000086e-02 8.720440051678397531e-01
1.848520299999999866e-02 8.683974470361786047e-01
1.876741999999999994e-02 8.647149235402197265e-01
1.904963600000000173e-02 8.609973321593883400e-01
1.933185299999999954e-02 8.572454434474914287e-01
1.961407000000000081e-02 8.534599867012022667e-01
1.989628699999999861e-02 8.496417168145522503e-01
2.017850399999999988e-02 8.457915325062396183e-01
2.046072100000000116e-02 8.419103519415839232e-01
2.074293799999999896e-02 8.379988984332912283e-01
2.102515400000000076e-02 8.340577468622042412e-01
2.130737099999999856e-02 8.300875250285592033e-01
2.158958799999999983e-02 8.260892088457497673e-01
2.187180500000000111e-02 8.220638071161340266e-01
2.215402199999999891e-02 8.180121590926628938e-01
2.243623900000000018e-02 8.139349765288579341e-01
2.271845499999999851e-02 8.098330101348796273e-01
2.300067199999999978e-02 8.057070421791461268e-01
2.328288900000000106e-02 8.015579057857377121e-01
2.356510599999999886e-02 7.973863517236479126e-01
2.384732300000000013e-02 7.931930849132869943e-01
2.412954000000000140e-02 7.889788633290721886e-01
2.441175599999999973e-02 7.847445917959038342e-01
2.469397300000000101e-02 7.804911361686142079e-01
2.497618999999999881e-02 7.762192595395795980e-01
2.525840700000000008e-02 7.719296201822825054e-01
2.554062400000000135e-02 7.676229404860024363e-01
2.582284099999999916e-02 7.633000859512553138e-01
2.610505700000000096e-02 7.589619404245193657e-01
2.638727399999999876e-02 7.546091910410552828e-01
2.666949100000000003e-02 7.502424888975237627e-01
2.695170800000000130e-02 7.458625343185567580e-01
2.723392499999999911e-02 7.414701560160326110e-01
2.751614200000000038e-02 7.370661848261911286e-01
2.779835799999999871e-02 7.326513614421850118e-01
2.808057499999999998e-02 7.282263280186003218e-01
2.836279200000000125e-02 7.237918220967022309e-01
2.864500899999999906e-02 7.193486516885199133e-01
2.892722600000000033e-02 7.148976091259291454e-01
2.920944300000000160e-02 7.104393089951049900e-01
2.949165899999999993e-02 7.059743050381870333e-01
2.977387600000000120e-02 7.015032211567440168e-01
3.005609299999999900e-02 6.970269158090213191e-01
3.033831000000000028e-02 6.925462199720462397e-01
3.062052700000000155e-02 6.880617830976731852e-01
3.090274399999999935e-02 6.835741840107012468e-01
3.118496000000000115e-02 6.790840717207522470e-01
3.146717699999999895e-02 6.745921252710235239e-01
3.174939400000000023e-02 6.700990590008689685e-01
3.203161100000000150e-02 6.656054667073149078e-01
3.231382800000000277e-02 6.611119071450799467e-01
3.259604499999999710e-02 6.566190109893097482e-01
3.287826099999999890e-02 6.521275174919826112e-01
3.316047800000000018e-02 6.476380964806556229e-01
3.344269500000000145e-02 6.431513253546178310e-01
3.372491200000000272e-02 6.386677238738182050e-01
3.400712899999999705e-02 6.341878845084844007e-01
3.428934599999999833e-02 6.297124842126691213e-01
3.457156200000000013e-02 6.252421803454834004e-01
3.485377900000000140e-02 6.207774027970216491e-01
3.513599600000000267e-02 6.163185839985282355e-01
3.541821299999999700e-02 6.118662756120791801e-01
3.570042999999999828e-02 6.074211709199875964e-01
3.598264699999999955e-02 6.029839199853768150e-01
3.626486400000000082e-02 5.985549741284581504e-01
3.654708000000000262e-02 5.941347566951800108e-01
3.682929699999999695e-02 5.897237658824239226e-01
3.711151399999999823e-02 5.853226621682775521e-01
3.739373099999999950e-02 5.809320276541811712e-01
3.767594800000000077e-02 5.765522064594790219e-01
3.795816500000000204e-02 5.721834998665998873e-01
3.824038099999999690e-02 5.678263968833788811e-01
3.852259799999999818e-02 5.634814873479976338e-01
3.880481499999999945e-02 5.591493572239719656e-01
3.908703200000000072e-02 5.548304039208008520e-01
3.936924900000000199e-02 5.505249947967155721e-01
3.965146600000000326e-02 5.462335563987800180e-01
3.993368199999999812e-02 5.419565759590553311e-01
4.021589899999999940e-02 5.376944619329705466e-01
4.049811600000000067e-02 5.334475713459686519e-01
4.078033300000000194e-02 5.292162354607243824e-01
4.106255000000000321e-02 5.250008667381022009e-01
4.134476699999999755e-02 5.208019338765348394e-01
4.162698299999999935e-02 5.166198624619184887e-01
4.190920000000000062e-02 5.124548855775158396e-01
4.219141700000000189e-02 5.083072702645867746e-01
4.247363400000000316e-02 5.041774060077305331e-01
4.275585099999999750e-02 5.000657678073818779e-01
4.303806799999999877e-02 4.959727548437502520e-01
4.332028400000000057e-02 4.918986075861017104e-01
4.360250100000000184e-02 4.878435091895625408e-01
4.388471800000000311e-02 4.838077788621026332e-01
4.416693499999999745e-02 4.797917732561799431e-01
4.444915199999999872e-02 4.757958158098083423e-01
4.473136899999999999e-02 4.718201619638870969e-01
4.501358500000000179e-02 4.678650813811863762e-01
4.529580200000000306e-02 4.639308731581961442e-01
4.557801899999999740e-02 4.600179132879079202e-01
4.586023599999999867e-02 4.561264425513350540e-01
4.614245299999999994e-02 4.522564823228437114e-01
4.642467000000000121e-02 4.484080712381796063e-01
4.670688600000000301e-02 4.445815631874032170e-01
4.698910299999999735e-02 4.407774059067140482e-01
4.727131999999999862e-02 4.369959351507247125e-01
4.755353699999999989e-02 4.332372238660491259e-01
4.783575400000000116e-02 4.295013406226370622e-01
4.811797100000000244e-02 4.257884759361766913e-01
4.840018699999999729e-02 4.220988817285529771e-01
4.868240399999999857e-02 4.184327148310641453e-01
4.896462099999999984e-02 4.147900893292193469e-01
4.924683800000000111e-02 4.111711168495122415e-01
4.952905500000000238e-02 4.075760093985951182e-01
4.981127199999999672e-02 4.040050130446256049e-01
5.009348799999999852e-02 4.004582935242930186e-01
5.037570499999999979e-02 3.969358563947225083e-01
5.065792200000000106e-02 3.934377644225124926e-01
5.094013900000000233e-02 3.899642120946578694e-01
5.122235599999999667e-02 3.865154365535546921e-01
5.150457299999999794e-02 3.830915471621574309e-01
5.178678999999999921e-02 3.796925012578198366e-01
5.206900600000000101e-02 3.763182945110197242e-01
5.235122300000000228e-02 3.729690492223625142e-01
5.263343999999999662e-02 3.696449664152553494e-01
5.291565699999999789e-02 3.663461325455865669e-01
5.319787399999999916e-02 3.630725239614167599e-01
5.348009100000000043e-02 3.598241435215686068e-01
5.376230700000000223e-02 3.566011361068675001e-01
5.404452399999999657e-02 3.534036388796131245e-01
5.432674099999999784e-02 3.502316730525416588e-01
5.460895799999999911e-02 3.470851027884152562e-01
5.489117500000000038e-02 3.439638446050523046e-01
5.517339200000000166e-02 3.408680271743684265e-01
5.545560800000000345e-02 3.377978324343456351e-01
5.573782499999999779e-02 3.347533040051575703e-01
5.602004199999999906e-02 3.317344257324452150e-01
5.630225900000000033e-02 3.287411606708099954e-01
5.658447600000000161e-02 3.257734500310989212e-01
5.686669300000000288e-02 3.228312330628326232e-01
5.714890899999999774e-02 3.199144973413070581e-01
5.743112599999999901e-02 3.170232294928161942e-01
5.771334300000000028e-02 3.141574510071942772e-01
5.799556000000000155e-02 3.113171816379051715e-01
5.827777700000000283e-02 3.085024348109379755e-01
5.855999399999999716e-02 3.057131190164893431e-01
5.884220999999999896e-02 3.029490779933134981e-01
5.912442700000000023e-02 3.002101896472267883e-01
5.940664400000000150e-02 2.974965288792368878e-01
5.968886100000000278e-02 2.948081721027235313e-01
5.997107799999999711e-02 2.921450201769158483e-01
6.025329499999999838e-02 2.895068617892280205e-01
6.053551100000000018e-02 2.868935723956088091e-01
6.081772800000000145e-02 2.843051824946503658e-01
6.109994500000000273e-02 2.817417563621000820e-01
6.138216199999999706e-02 2.792031517487085224e-01
6.166437899999999833e-02 2.766891134810027242e-01
6.194659599999999960e-02 2.741995051884260071e-01
6.222881200000000140e-02 2.717344471072199452e-01
6.251102899999999574e-02 2.692940229272007269e-01
6.279324599999999701e-02 2.668779829905504331e-01
6.307546299999999828e-02 2.644858847158533810e-01
6.335767999999999955e-02 2.621175046040533085e-01
6.363989700000000083e-02 2.597730277773137031e-01
6.392211300000000263e-02 2.574526439047916115e-01
6.420433000000000390e-02 2.551561487939211781e-01
6.448654700000000517e-02 2.528831932659727499e-01
6.476876400000000644e-02 2.506335590048950901e-01
6.505098099999999384e-02 2.484072609055981151e-01
6.533319799999999511e-02 2.462043086024782446e-01
6.561541399999999691e-02 2.440245336691819478e-01
6.589763099999999818e-02 2.418676685049658825e-01
6.617984799999999945e-02 2.397335373698545047e-01
6.646206500000000073e-02 2.376220600278293460e-01
6.674428200000000200e-02 2.355331531374408871e-01
6.702649900000000327e-02 2.334666636881376212e-01
6.730871600000000454e-02 2.314224133574240005e-01
6.759093200000000634e-02 2.294002564564145974e-01
6.787314899999999374e-02 2.274000603488275651e-01
6.815536599999999501e-02 2.254217053382233382e-01
6.843758299999999628e-02 2.234650056963897735e-01
6.871979999999999755e-02 2.215297575477254699e-01
6.900201699999999883e-02 2.196158033289459521e-01
6.928423300000000062e-02 2.177230485746905475e-01
6.956645000000000190e-02 2.158513616824790371e-01
6.984866700000000317e-02 2.140005343528823822e-01
7.013088400000000444e-02 2.121703255590462467e-01
7.041310100000000571e-02 2.103605665263365565e-01
7.069531799999999311e-02 2.085711679015708198e-01
7.097753399999999491e-02 2.068020224469149237e-01
7.125975099999999618e-02 2.050528856485649976e-01
7.154196799999999745e-02 2.033235047347002056e-01
7.182418499999999872e-02 2.016137122006085025e-01
7.210640200000000000e-02 1.999234313883420933e-01
7.238861900000000127e-02 1.982525572209819786e-01
7.267083500000000307e-02 1.966008696885125084e-01
7.295305200000000434e-02 1.949681070847276987e-01
7.323526900000000561e-02 1.933541018401327416e-01
7.351748600000000688e-02 1.917587490334446976e-01
7.379970299999999428e-02 1.901819137255052194e-01
7.408191999999999555e-02 1.886233531516421369e-01
7.436413599999999735e-02 1.870828138644822780e-01
7.464635299999999862e-02 1.855601270022902149e-01
7.492856999999999990e-02 1.840552216126414287e-01
7.521078700000000117e-02 1.825679683697204736e-01
7.549300400000000244e-02 1.810980744737497317e-01
7.577522100000000371e-02 1.796452306749941885e-01
7.605743700000000551e-02 1.782093211907806451e-01
7.633965400000000678e-02 1.767903520691780361e-01
7.662187099999999418e-02 1.753882376049172298e-01
7.690408799999999545e-02 1.740025959609149964e-01
7.718630499999999672e-02 1.726330217010660362e-01
7.746852199999999800e-02 1.712793939279142197e-01
7.775073799999999979e-02 1.699417828300016364e-01
7.803295500000000107e-02 1.686201307084936041e-01
7.831517200000000234e-02 1.673141178797989681e-01
7.859738900000000361e-02 1.660233988102277347e-01
7.887960600000000488e-02 1.647478222730419939e-01
7.916182300000000616e-02 1.634873513772557296e-01
7.944403899999999408e-02 1.622418753921557322e-01
7.972625599999999535e-02 1.610111017324917793e-01
8.000847299999999662e-02 1.597947440952784404e-01
8.029068999999999789e-02 1.585926425621766167e-01
8.057290699999999917e-02 1.574047063595596097e-01
8.085512400000000044e-02 1.562308079762901036e-01
8.113734000000000224e-02 1.550707530343916896e-01
8.141955700000000351e-02 1.539243323186083312e-01
8.170177400000000478e-02 1.527913918036116481e-01
8.198399100000000606e-02 1.516717933857776313e-01
8.226620799999999345e-02 1.505653707692095611e-01
8.254842499999999472e-02 1.494719093470552040e-01
8.283064099999999652e-02 1.483912018752909789e-01
8.311285799999999779e-02 1.473230875228125347e-01
8.339507499999999907e-02 1.462674414161418968e-01
8.367729200000000034e-02 1.452241194398412316e-01
8.395950900000000161e-02 1.441929537068904754e-01
8.424172600000000288e-02 1.431737751573747830e-01
8.452394300000000416e-02 1.421664199604988355e-01
8.480615900000000595e-02 1.411707295846996724e-01
8.508837599999999335e-02 1.401865257318644087e-01
8.537059299999999462e-02 1.392136279719016767e-01
8.565280999999999589e-02 1.382518627280844015e-01
8.593502699999999717e-02 1.373011185293635528e-01
8.621724399999999844e-02 1.363613035631147663e-01
8.649946000000000024e-02 1.354322759376145324e-01
8.678167700000000151e-02 1.345138173320473141e-01
8.706389400000000278e-02 1.336057292526395823e-01
8.734611100000000405e-02 1.327078785298853036e-01
8.762832800000000533e-02 1.318201519694494062e-01
8.791054500000000660e-02 1.309424117757646833e-01
8.819276099999999452e-02 1.300744955179734541e-01
8.847497799999999579e-02 1.292162363802417946e-01
8.875719499999999706e-02 1.283675040048420923e-01
8.903941199999999834e-02 1.275281719357917454e-01
8.932162899999999961e-02 1.266981053599588181e-01
8.960384600000000088e-02 1.258771609748461640e-01
8.988606200000000268e-02 1.250652062601822212e-01
9.016827900000000395e-02 1.242621319530373553e-01
9.045049600000000523e-02 1.234678419997135429e-01
9.073271300000000650e-02 1.226821764357017980e-01
9.101492999999999389e-02 1.219049193556402816e-01
9.129714699999999516e-02 1.211358837991141774e-01
9.157936299999999696e-02 1.203749913884801376e-01
9.186157999999999824e-02 1.196221761147986534e-01
9.214379699999999951e-02 1.188773442657557605e-01
9.242601400000000078e-02 1.181403697914646667e-01
9.270823100000000205e-02 1.174111213306671536e-01
9.299044800000000333e-02 1.166894540837344757e-01
9.327266400000000512e-02 1.159752256963703931e-01
9.355488100000000640e-02 1.152683215478138290e-01
9.383709799999999379e-02 1.145686609494948743e-01
9.411931499999999506e-02 1.138761463016750020e-01
9.440153199999999634e-02 1.131906393329554367e-01
9.468374899999999761e-02 1.125119971541005404e-01
9.496596499999999941e-02 1.118401064399493633e-01
9.524818200000000068e-02 1.111748650670846827e-01
9.553039900000000195e-02 1.105161920861126024e-01
9.581261600000000322e-02 1.098640373045902535e-01
9.609483300000000450e-02 1.092183452803696248e-01
9.637705000000000577e-02 1.085789519338466597e-01
9.665926599999999369e-02 1.079456300260328294e-01
9.694148299999999496e-02 1.073182162828788810e-01
9.722369999999999624e-02 1.066967095226522139e-01
9.750591699999999751e-02 1.060811164955106078e-01
9.778813399999999878e-02 1.054713491864286007e-01
9.807035100000000005e-02 1.048672681834749015e-01
9.835256700000000185e-02 1.042687590787008955e-01
9.863478400000000312e-02 1.036757466680798268e-01
9.891700100000000440e-02 1.030881646091526965e-01
9.919921800000000567e-02 1.025059218891642143e-01
9.948143499999999306e-02 1.019289164051399715e-01
9.976365199999999434e-02 1.013570396601266299e-01
1.000458679999999961e-01 1.007901741091046244e-01
1.003280849999999974e-01 1.002282075543677597e-01
1.006103019999999987e-01 9.967112366352838537e-02
1.008925190000000000e-01 9.911894222844888636e-02
1.011747360000000012e-01 9.857160793408759059e-02
1.014569530000000025e-01 9.802894706188823581e-02
1.017391690000000043e-01 9.749079529907163366e-02
1.020213860000000056e-01 9.695709644452667197e-02
1.023036030000000068e-01 9.642784412942793926e-02
1.025858199999999942e-01 9.590300660743629468e-02
1.028680369999999955e-01 9.538251874076610071e-02
1.031502539999999968e-01 9.486630362580737719e-02
1.034324699999999986e-01 9.435423417021021608e-02
1.037146869999999999e-01 9.384616230303423345e-02
1.039969040000000011e-01 9.334204449698542405e-02
1.042791210000000024e-01 9.284196201214192645e-02
1.045613380000000037e-01 9.234596033626574219e-02
1.048435550000000049e-01 9.185386495753705693e-02
1.051257720000000062e-01 9.136543704254547482e-02
1.054079879999999941e-01 9.088056793674692546e-02
1.056902049999999954e-01 9.039929191462310609e-02
1.059724219999999967e-01 8.992164412129700912e-02
1.062546389999999980e-01 8.944760250371590338e-02
1.065368559999999992e-01 8.897712801540914873e-02
1.068190730000000005e-01 8.851014193834713661e-02
1.071012890000000023e-01 8.804652592992383286e-02
1.073835060000000036e-01 8.758617753444059018e-02
1.076657230000000048e-01 8.712908892291529317e-02
1.079479400000000061e-01 8.667527032189038805e-02
1.082301569999999935e-01 8.622468227452756429e-02
1.085123739999999948e-01 8.577723868227682402e-02
1.087945899999999966e-01 8.533286385678405528e-02
1.090768069999999978e-01 8.489151473677300497e-02
1.093590239999999991e-01 8.445316123721398338e-02
1.096412410000000004e-01 8.401777278263432291e-02
1.099234580000000017e-01 8.358531971674536265e-02
1.102056750000000029e-01 8.315576378814953928e-02
1.104878910000000047e-01 8.272904132460291715e-02
1.107701080000000060e-01 8.230508084294436977e-02
1.110523249999999934e-01 8.188384442664033147e-02
1.113345419999999947e-01 8.146531482082172704e-02
1.116167589999999959e-01 8.104947234511186704e-02
1.118989759999999972e-01 8.063628900458121029e-02
1.121811919999999990e-01 8.022573647361458393e-02
1.124634090000000003e-01 7.981777766876801961e-02
1.127456260000000016e-01 7.941237680202041516e-02
1.130278430000000028e-01 7.900948064270287008e-02
1.133100600000000041e-01 7.860899636742434138e-02
1.135922770000000054e-01 7.821083459058668363e-02
1.138744929999999933e-01 7.781501195689838335e-02
1.141567099999999946e-01 7.742160554996499466e-02
1.144389269999999958e-01 7.703064159171790770e-02
1.147211439999999971e-01 7.664202018462516752e-02
1.150033609999999984e-01 7.625563241944792459e-02
1.152855779999999997e-01 7.587144448485295956e-02
1.155677940000000015e-01 7.548946577474995034e-02
1.158500110000000027e-01 7.510969582963911151e-02
1.161322280000000040e-01 7.473212578039119258e-02
1.164144450000000053e-01 7.435673869046233175e-02
1.166966620000000066e-01 7.398347357416730496e-02
1.169788789999999939e-01 7.361224793430057312e-02
1.172610949999999957e-01 7.324303208862319170e-02
1.175433119999999970e-01 7.287588502604844254e-02
1.178255289999999983e-01 7.251086328294316374e-02
1.181077459999999996e-01 7.214790343114940718e-02
1.183899630000000008e-01 7.178688936935037623e-02
1.186721800000000021e-01 7.142774727428036208e-02
1.189543960000000039e-01 7.107047313034631220e-02
1.192366130000000052e-01 7.071506877276298453e-02
1.195188300000000065e-01 7.036156229189526046e-02
1.198010469999999938e-01 7.000998875118358278e-02
1.200832639999999951e-01 6.966034348501407014e-02
1.203654809999999964e-01 6.931256413330104393e-02
1.206476979999999977e-01 6.896658736255936728e-02
1.209299139999999995e-01 6.862237166052864712e-02
1.212121310000000007e-01 6.827988018181871399e-02
1.214943480000000020e-01 6.793911619322683115e-02
1.217765650000000033e-01 6.760012941109136420e-02
1.220587820000000046e-01 6.726295346821982435e-02
1.223409990000000058e-01 6.692752284225672588e-02
1.226232149999999937e-01 6.659374349053427677e-02
1.229054319999999950e-01 6.626158260690802326e-02
1.231876489999999963e-01 6.593108740105504961e-02
1.234698659999999976e-01 6.560229154692123754e-02
1.237520829999999988e-01 6.527515229387027829e-02
1.240343000000000001e-01 6.494960672822358561e-02
1.243165160000000019e-01 6.462563486913269761e-02
1.245987330000000032e-01 6.430325779891210569e-02
1.248809500000000045e-01 6.398249661592265991e-02
1.251631669999999918e-01 6.366334859583748507e-02
1.254453839999999931e-01 6.334580387077048957e-02
1.257276009999999944e-01 6.302982258022185591e-02
1.260098169999999962e-01 6.271533714602582632e-02
1.262920339999999975e-01 6.240229833843456697e-02
1.265742509999999987e-01 6.209074264483475242e-02
1.268564680000000000e-01 6.178072082646943880e-02
1.271386850000000013e-01 6.147222664121433644e-02
1.274209020000000026e-01 6.116520439999006964e-02
1.277031180000000044e-01 6.085961463391009740e-02
1.279853350000000056e-01 6.055546844074664176e-02
1.282675520000000069e-01 6.025278939957210561e-02
1.285497690000000082e-01 5.995157645321060741e-02
1.288319860000000094e-01 5.965181010785165772e-02
1.291142030000000107e-01 5.935346641012038960e-02
1.293964190000000125e-01 5.905651111747411974e-02
1.296786360000000138e-01 5.876090814562270892e-02
1.299608529999999873e-01 5.846666836085444297e-02
1.302430699999999886e-01 5.817383242534309579e-02
1.305252869999999898e-01 5.788242014818809067e-02
1.308075039999999911e-01 5.759239647551857300e-02
1.310897199999999929e-01 5.730372084139789823e-02
1.313719369999999942e-01 5.701637344030428128e-02
1.316541539999999955e-01 5.673035270377110167e-02
1.319363709999999967e-01 5.644566141231813217e-02
1.322185879999999980e-01 5.616231406016062438e-02
1.325008049999999993e-01 5.588032268778363870e-02
1.327830210000000011e-01 5.559965985862430626e-02
1.330652380000000023e-01 5.532027214518786540e-02
1.333474550000000036e-01 5.504212830424536768e-02
1.336296720000000049e-01 5.476523592594995798e-02
1.339118890000000062e-01 5.448961020219513646e-02
1.341941060000000074e-01 5.421529003182026796e-02
1.344763220000000092e-01 5.394232685184460058e-02
1.347585390000000105e-01 5.367070887213092750e-02
1.350407560000000118e-01 5.340031622912660980e-02
1.353229730000000131e-01 5.313103749727524777e-02
1.356051899999999866e-01 5.286292386625988243e-02
1.358874069999999878e-01 5.259610038323832976e-02
1.361696239999999891e-01 5.233061523472048310e-02
1.364518399999999909e-01 5.206638996257804269e-02
1.367340569999999922e-01 5.180334217051969087e-02
1.370162739999999935e-01 5.154146505241646858e-02
1.372984909999999947e-01 5.128078088963261560e-02
1.375807079999999960e-01 5.102131196117865031e-02
1.378629249999999973e-01 5.076308040254941950e-02
1.381451409999999991e-01 5.050609803233607059e-02
1.384273580000000003e-01 5.025030715599100584e-02
1.387095750000000016e-01 4.999562976712362133e-02
1.389917920000000029e-01 4.974205268117016382e-02
1.392740090000000042e-01 4.948965083777884244e-02
1.395562260000000054e-01 4.923848630867237036e-02
1.398384420000000072e-01 4.898852154284506766e-02
1.401206590000000085e-01 4.873968485126582012e-02
1.404028760000000098e-01 4.849195925557465980e-02
1.406850930000000111e-01 4.824538981381894936e-02
1.409673100000000123e-01 4.800001317353881636e-02
1.412495270000000136e-01 4.775580892234140840e-02
1.415317429999999876e-01 4.751274091060265353e-02
1.418139599999999889e-01 4.727077333125596220e-02
1.420961769999999902e-01 4.702987615383425607e-02
1.423783939999999915e-01 4.679003518790652433e-02
1.426606109999999927e-01 4.655130514834906336e-02
1.429428279999999940e-01 4.631375550825317378e-02
1.432250439999999958e-01 4.607738548708947834e-02
1.435072609999999971e-01 4.584212183252190514e-02
1.437894779999999983e-01 4.560791385008722276e-02
1.440716949999999996e-01 4.537479516186813250e-02
1.443539120000000009e-01 4.514281545107723392e-02
1.446361290000000022e-01 4.491195608062781286e-02
1.449183450000000040e-01 4.468213854891599918e-02
1.452005620000000052e-01 4.445331373228510186e-02
1.454827790000000065e-01 4.422554670386346504e-02
1.457649960000000078e-01 4.399891920271756934e-02
1.460472130000000091e-01 4.377342557822425095e-02
1.463294300000000103e-01 4.354899016329891875e-02
1.466116460000000121e-01 4.332556024173144643e-02
1.468938630000000134e-01 4.310315152279196871e-02
1.471760799999999869e-01 4.288179338645393968e-02
1.474582969999999882e-01 4.266149227733972982e-02
1.477405139999999895e-01 4.244223864143407965e-02
1.480227309999999907e-01 4.222402402240013619e-02
1.483049469999999925e-01 4.200684453703595195e-02
1.485871639999999938e-01 4.179069539705413533e-02
1.488693809999999951e-01 4.157558338277434623e-02
1.491515979999999963e-01 4.136152048744395210e-02
1.494338149999999976e-01 4.114850713288364936e-02
1.497160319999999989e-01 4.093651640734912583e-02
1.499982480000000007e-01 4.072552098859467257e-02
1.502804650000000020e-01 4.051551945552863548e-02
1.505626820000000032e-01 4.030652905280310977e-02
1.508448990000000045e-01 4.009855518107562772e-02
1.511271160000000058e-01 3.989157953233607445e-02
1.514093330000000071e-01 3.968558287101704718e-02
1.516915490000000089e-01 3.948056510341076825e-02
1.519737660000000101e-01 3.927653363055771257e-02
1.522559830000000114e-01 3.907349523526425228e-02
1.525382000000000127e-01 3.887145053934251693e-02
1.528204169999999862e-01 3.867040009209871815e-02
1.531026339999999875e-01 3.847034859345586921e-02
1.533848509999999887e-01 3.827130239259449174e-02
1.536670669999999905e-01 3.807324453726914498e-02
1.539492839999999918e-01 3.787611534386672862e-02
1.542315009999999931e-01 3.767986655049684191e-02
1.545137179999999943e-01 3.748454090456188048e-02
1.547959349999999956e-01 3.729021903187163672e-02
1.550781519999999969e-01 3.709692786090398875e-02
1.553603679999999987e-01 3.690461301804322247e-02
1.556425850000000000e-01 3.671321948573216115e-02
1.559248020000000012e-01 3.652274501579003130e-02
1.562070190000000025e-01 3.633320563371982698e-02
1.564892360000000038e-01 3.614460693458684815e-02
1.567714530000000051e-01 3.595694015236976931e-02
1.570536690000000069e-01 3.577019849177974498e-02
1.573358860000000081e-01 3.558438593584795084e-02
1.576181030000000094e-01 3.539951238017179785e-02
1.579003200000000107e-01 3.521557367312457693e-02
1.581825370000000119e-01 3.503254909844264603e-02
1.584647540000000132e-01 3.485042279298559281e-02
1.587469699999999873e-01 3.466920786432824836e-02
1.590291869999999885e-01 3.448892314780060281e-02
1.593114039999999898e-01 3.430956486189300214e-02
1.595936209999999911e-01 3.413110117614699679e-02
1.598758379999999923e-01 3.395350922320030523e-02
1.601580549999999936e-01 3.377681067049367186e-02
1.604402709999999954e-01 3.360103802214091384e-02
1.607224879999999967e-01 3.342618232824995372e-02
1.610047049999999980e-01 3.325219661802583659e-02
1.612869219999999992e-01 3.307904719262420856e-02
1.615691390000000005e-01 3.290675991226195418e-02
1.618513560000000018e-01 3.273537312862130622e-02
1.621335720000000036e-01 3.256489321953064814e-02
1.624157890000000048e-01 3.239529512508977638e-02
1.626980060000000061e-01 3.222656311859108114e-02
1.629802230000000074e-01 3.205870996026401187e-02
1.632624400000000087e-01 3.189175201398549570e-02
1.635446570000000099e-01 3.172566365776002817e-02
1.638268730000000117e-01 3.156038541799298380e-02
1.641090900000000130e-01 3.139588829085042387e-02
1.643913069999999865e-01 3.123224519370727120e-02
1.646735239999999878e-01 3.106953964161965689e-02
1.649557409999999891e-01 3.090774782631816250e-02
1.652379579999999903e-01 3.074676657605354343e-02
1.655201739999999921e-01 3.058653585214562987e-02
1.658023909999999934e-01 3.042711333868393375e-02
1.660846079999999947e-01 3.026857265830376967e-02
1.663668249999999960e-01 3.011091843240189594e-02
1.666490419999999972e-01 2.995410966803729175e-02
1.669312589999999985e-01 2.979811406252737618e-02
1.672134750000000003e-01 2.964292273245300660e-02
1.674956920000000016e-01 2.948853032537731428e-02
1.677779090000000028e-01 2.933495231959141331e-02
1.680601260000000041e-01 2.918221505854393452e-02
1.683423430000000054e-01 2.903032696878946398e-02
1.686245600000000067e-01 2.887925760025754698e-02
1.689067770000000079e-01 2.872897389093627754e-02
1.691889930000000097e-01 2.857946573053275069e-02
1.694712100000000110e-01 2.843073365384228557e-02
1.697534270000000123e-01 2.828279506237452515e-02
1.700356440000000136e-01 2.813569607566157940e-02
1.703178609999999871e-01 2.798947417688714759e-02
1.706000779999999883e-01 2.784406996949403620e-02
1.708822939999999901e-01 2.769937850454327541e-02
1.711645109999999914e-01 2.755536608089846976e-02
1.714467279999999927e-01 2.741212726611064188e-02
1.717289449999999940e-01 2.726975132410513689e-02
1.720111619999999952e-01 2.712820327422993047e-02
1.722933789999999965e-01 2.698739516978086728e-02
1.725755949999999983e-01 2.684729944389865550e-02
1.728578119999999996e-01 2.670798080773149202e-02
1.731400290000000008e-01 2.656949772207673616e-02
1.734222460000000021e-01 2.643180813025498149e-02
1.737044630000000034e-01 2.629483249364447661e-02
1.739866800000000047e-01 2.615855487333490145e-02
1.742688960000000065e-01 2.602304931008829134e-02
1.745511130000000077e-01 2.588837600327857300e-02
1.748333300000000090e-01 2.575448992772602641e-02
1.751155470000000103e-01 2.562131013877411503e-02
1.753977640000000116e-01 2.548881243122099946e-02
1.756799810000000128e-01 2.535704454150049594e-02
1.759621969999999869e-01 2.522604674853916665e-02
1.762444139999999881e-01 2.509579580256334624e-02
1.765266309999999894e-01 2.496625209183447533e-02
1.768088479999999907e-01 2.483741823258947892e-02
1.770910649999999920e-01 2.470934565475025116e-02
1.773732819999999932e-01 2.458206827693688520e-02
1.776554979999999950e-01 2.445553170165075396e-02
1.779377149999999963e-01 2.432965861925231316e-02
1.782199319999999976e-01 2.420444192659126220e-02
1.785021489999999988e-01 2.407994511973332932e-02
1.787843660000000001e-01 2.395621323005675887e-02
1.790665830000000014e-01 2.383320633886609058e-02
1.793487990000000032e-01 2.371086715849486659e-02
1.796310160000000045e-01 2.358919707646952788e-02
1.799132330000000057e-01 2.346825463252107807e-02
1.801954500000000070e-01 2.334807513102444415e-02
1.804776670000000083e-01 2.322860722441385389e-02
1.807598840000000096e-01 2.310978475554224115e-02
1.810421000000000114e-01 2.299161063504929353e-02
1.813243170000000126e-01 2.287414420071373980e-02
1.816065339999999861e-01 2.275742398535019612e-02
1.818887509999999874e-01 2.264141428776755838e-02
1.821709679999999887e-01 2.252606746850516206e-02
1.824531849999999900e-01 2.241136943936921505e-02
1.827354009999999918e-01 2.229733194505371593e-02
1.830176179999999930e-01 2.218396337041307620e-02
1.832998349999999943e-01 2.207126564205401723e-02
1.835820519999999956e-01 2.195923905448848509e-02
1.838642689999999968e-01 2.184788497141127578e-02
1.841464859999999981e-01 2.173720546720176242e-02
1.844287029999999994e-01 2.162719569011271187e-02
1.847109190000000012e-01 2.151783406900232079e-02
1.849931360000000025e-01 2.140909882221133168e-02
1.852753530000000037e-01 2.130100793964440423e-02
1.855575700000000050e-01 2.119360263349421084e-02
1.858397870000000063e-01 2.108689563669036496e-02
1.861220040000000076e-01 2.098083608809396886e-02
1.864042200000000093e-01 2.087537038631884223e-02
1.866864370000000106e-01 2.077049499863933835e-02
1.869686540000000119e-01 2.066623581125593204e-02
1.872508710000000132e-01 2.056261516425249639e-02
1.875330879999999867e-01 2.045964853119162929e-02
1.878153049999999880e-01 2.035734831913268983e-02
1.880975209999999898e-01 2.025570845215366594e-02
1.883797379999999910e-01 2.015471231668279281e-02
1.886619549999999923e-01 2.005433568505097380e-02
1.889441719999999936e-01 1.995453863748045814e-02
1.892263889999999948e-01 1.985528838634581517e-02
1.895086059999999961e-01 1.975661605767754098e-02
1.897908219999999979e-01 1.965858104963176534e-02
1.900730389999999992e-01 1.956120641471658164e-02
1.903552560000000005e-01 1.946445961123985033e-02
1.906374730000000017e-01 1.936830677395761161e-02
1.909196900000000030e-01 1.927274062460680379e-02
1.912019070000000043e-01 1.917776446651848696e-02
1.914841230000000061e-01 1.908338121224207110e-02
1.917663400000000073e-01 1.898959169016931764e-02
1.920485570000000086e-01 1.889639698353672709e-02
1.923307740000000099e-01 1.880379402199511274e-02
1.926129910000000112e-01 1.871177844791827374e-02
1.928952080000000124e-01 1.862034868642632734e-02
1.931774239999999865e-01 1.852950709666315726e-02
1.934596409999999878e-01 1.843925271918812545e-02
1.937418579999999890e-01 1.834957235536357686e-02
1.940240749999999903e-01 1.826044822910139268e-02
1.943062919999999916e-01 1.817186056407733147e-02
1.945885089999999928e-01 1.808378724446917454e-02
1.948707249999999946e-01 1.799622232452346635e-02
1.951529419999999959e-01 1.790923121596379314e-02
1.954351589999999972e-01 1.782289702587483080e-02
1.957173759999999985e-01 1.773720968866392828e-02
1.959995929999999997e-01 1.765206103441717064e-02
1.962818100000000010e-01 1.756737151457691062e-02
1.965640260000000028e-01 1.748319572349478490e-02
1.968462430000000041e-01 1.739961696109481107e-02
1.971284600000000053e-01 1.731663477452486527e-02
1.974106770000000066e-01 1.723416769574839108e-02
1.976928940000000079e-01 1.715215840838798037e-02
1.979751110000000092e-01 1.707064732997010462e-02
1.982573270000000110e-01 1.698969469738819196e-02
1.985395440000000122e-01 1.690931940169441983e-02
1.988217610000000135e-01 1.682950635301378936e-02
1.991039779999999870e-01 1.675023585822942029e-02
1.993861949999999883e-01 1.667147812382074532e-02
1.996684119999999896e-01 1.659320328175046752e-02
1.999506289999999908e-01 1.651541067296394272e-02
2.002328449999999926e-01 1.643812257957420059e-02
2.005150619999999939e-01 1.636135398497844465e-02
2.007972789999999952e-01 1.628510066295065298e-02
2.010794959999999965e-01 1.620935485380425520e-02
2.013617129999999977e-01 1.613411222726978539e-02
2.016439299999999990e-01 1.605937086158570545e-02
2.019261460000000008e-01 1.598513249608313549e-02
2.022083630000000021e-01 1.591140655362291434e-02
2.024905800000000033e-01 1.583820204242733162e-02
2.027727970000000046e-01 1.576549927271518256e-02
2.030550140000000059e-01 1.569326070983356053e-02
2.033372310000000072e-01 1.562146652294091678e-02
2.036194470000000090e-01 1.555013782862149987e-02
2.039016640000000102e-01 1.547929862853275086e-02
2.041838810000000115e-01 1.540895451511506073e-02
2.044660980000000128e-01 1.533909991944734479e-02
2.047483149999999863e-01 1.526972381893771692e-02
2.050305319999999876e-01 1.520080438167990301e-02
2.053127479999999894e-01 1.513232294481244196e-02
2.055949649999999906e-01 1.506429651028831120e-02
2.058771819999999919e-01 1.499676107284115406e-02
2.061593989999999932e-01 1.492972586144509020e-02
2.064416159999999945e-01 1.486315153476469239e-02
2.067238329999999957e-01 1.479699915217436851e-02
2.070060489999999975e-01 1.473127197974262274e-02
2.072882659999999988e-01 1.466599160919226062e-02
2.075704830000000001e-01 1.460116971608825531e-02
2.078527000000000013e-01 1.453680019598582208e-02
2.081349170000000026e-01 1.447287602819046469e-02
2.084171340000000039e-01 1.440939491545937048e-02
2.086993500000000057e-01 1.434635667145839517e-02
2.089815670000000070e-01 1.428375815620689347e-02
2.092637840000000082e-01 1.422159352379590881e-02
2.095460010000000095e-01 1.415985689686162854e-02
2.098282180000000108e-01 1.409854513453981557e-02
2.101104350000000121e-01 1.403765605138987925e-02
2.103926510000000139e-01 1.397718585311437910e-02
2.106748679999999874e-01 1.391712767948853798e-02
2.109570849999999886e-01 1.385747809871686921e-02
2.112393019999999899e-01 1.379824890796607639e-02
2.115215189999999912e-01 1.373945626288787178e-02
2.118037359999999925e-01 1.368109429220026006e-02
2.120859519999999943e-01 1.362313092239422242e-02
2.123681689999999955e-01 1.356554109582523357e-02
2.126503859999999968e-01 1.350834305708532683e-02
2.129326029999999981e-01 1.345156645245374274e-02
2.132148199999999993e-01 1.339522027690702097e-02
2.134970370000000006e-01 1.333929118513542574e-02
2.137792530000000024e-01 1.328376318808221872e-02
2.140614700000000037e-01 1.322861258511233949e-02
2.143436870000000050e-01 1.317381564557567643e-02
2.146259040000000062e-01 1.311937524895599207e-02
2.149081210000000075e-01 1.306532044831885085e-02
2.151903380000000088e-01 1.301167318404923903e-02
2.154725540000000106e-01 1.295842548968841740e-02
2.157547710000000118e-01 1.290556250752621786e-02
2.160369880000000131e-01 1.285308057742996606e-02
2.163192049999999866e-01 1.280098521584637113e-02
2.166014219999999879e-01 1.274927452406688332e-02
2.168836389999999892e-01 1.269792135294991325e-02
2.171658559999999905e-01 1.264689573619673379e-02
2.174480719999999923e-01 1.259620444649903193e-02
2.177302889999999935e-01 1.254588277356371954e-02
2.180125059999999948e-01 1.249595475492716080e-02
2.182947229999999961e-01 1.244640762065631935e-02
2.185769399999999973e-01 1.239722264187399087e-02
2.188591569999999986e-01 1.234839001208055086e-02
2.191413730000000004e-01 1.229990649373417268e-02
2.194235900000000017e-01 1.225176917610933808e-02
2.197058070000000030e-01 1.220397748704822420e-02
2.199880240000000042e-01 1.215653160574381442e-02
2.202702410000000055e-01 1.210943906745044589e-02
2.205524580000000068e-01 1.206271209501008981e-02
2.208346740000000086e-01 1.201634699473900537e-02
2.211168910000000098e-01 1.197030206987867440e-02
2.213991080000000111e-01 1.192453704820811179e-02
2.216813250000000124e-01 1.187907468092669165e-02
2.219635420000000137e-01 1.183397422951683667e-02
2.222457589999999872e-01 1.178926195697962455e-02
2.225279749999999890e-01 1.174489470918981850e-02
2.228101919999999903e-01 1.170082449051538555e-02
2.230924089999999915e-01 1.165704190567202862e-02
2.233746259999999928e-01 1.161355739750766398e-02
2.236568429999999941e-01 1.157039033388055672e-02
2.239390599999999953e-01 1.152757641993162711e-02
2.242212759999999971e-01 1.148514456138291333e-02
2.245034929999999984e-01 1.144305523930166588e-02
2.247857099999999997e-01 1.140123807305182431e-02
2.250679270000000010e-01 1.135966265057522344e-02
2.253501440000000022e-01 1.131836618946962560e-02
2.256323610000000035e-01 1.127738929917616525e-02
2.259145770000000053e-01 1.123675164554407448e-02
2.261967940000000066e-01 1.119646315072800671e-02
2.264790110000000078e-01 1.115650817359448675e-02
2.267612280000000091e-01 1.111683170760884194e-02
2.270434450000000104e-01 1.107738696333982961e-02
2.273256620000000117e-01 1.103819675996084090e-02
2.276078780000000135e-01 1.099930949389281258e-02
2.278900949999999870e-01 1.096074419067616726e-02
2.281723119999999883e-01 1.092248081184113082e-02
2.284545289999999895e-01 1.088450058484271080e-02
2.287367459999999908e-01 1.084680749243304917e-02
2.290189629999999921e-01 1.080941269574556621e-02
2.293011789999999939e-01 1.077231249244499194e-02
2.295833959999999951e-01 1.073548437412819197e-02
2.298656129999999964e-01 1.069891177753616064e-02
2.301478299999999977e-01 1.066260988629763769e-02
2.304300469999999990e-01 1.062660247672955575e-02
2.307122640000000002e-01 1.059088802253155964e-02
2.309944800000000020e-01 1.055543709546249813e-02
2.312766970000000033e-01 1.052022545016272764e-02
2.315589140000000046e-01 1.048525896743546758e-02
2.318411310000000058e-01 1.045055095846130107e-02
2.321233480000000071e-01 1.041610716665940413e-02
2.324055650000000084e-01 1.038192576990377980e-02
2.326877820000000097e-01 1.034800472439490263e-02
2.329699980000000115e-01 1.031434250885937889e-02
2.332522150000000127e-01 1.028093779625130488e-02
2.335344319999999863e-01 1.024779840302798492e-02
2.338166489999999875e-01 1.021493995076347069e-02
2.340988659999999888e-01 1.018236625082387554e-02
2.343810829999999901e-01 1.015004056226654836e-02
2.346632989999999919e-01 1.011792024198665714e-02
2.349455159999999931e-01 1.008600264325262494e-02
2.352277329999999944e-01 1.005431829780455318e-02
2.355099499999999957e-01 1.002289169875332682e-02
2.357921669999999970e-01 9.991726796002036240e-03
2.360743839999999982e-01 9.960822833138481200e-03
2.363566000000000000e-01 9.930166768312608666e-03
2.366388170000000013e-01 9.899736148897074484e-03
2.369210340000000026e-01 9.869516840904802440e-03
2.372032510000000038e-01 9.839516453906975782e-03
2.374854680000000051e-01 9.809745384481859468e-03
2.377676850000000064e-01 9.780204252938982934e-03
2.380499010000000082e-01 9.750887325540942910e-03
2.383321180000000095e-01 9.721791560965895723e-03
2.386143350000000107e-01 9.692921657562655544e-03
2.388965520000000120e-01 9.664281899592218686e-03
2.391787690000000133e-01 9.635862025634680389e-03
2.394609859999999868e-01 9.607643181045439837e-03
2.397432019999999886e-01 9.579618596800697217e-03
2.400254189999999899e-01 9.551807017276236697e-03
2.403076359999999911e-01 9.524228104345403012e-03
2.405898529999999924e-01 9.496876807007312987e-03
2.408720699999999937e-01 9.469734975417493789e-03
2.411542869999999950e-01 9.442793304199708498e-03
2.414365029999999968e-01 9.416059745633644298e-03
2.417187199999999980e-01 9.389541788475027836e-03
2.420009369999999993e-01 9.363230248072930417e-03
2.422831540000000006e-01 9.337107767613572404e-03
2.425653710000000018e-01 9.311162706328935876e-03
2.428475880000000031e-01 9.285393341697716421e-03
2.431298040000000049e-01 9.259802422686889967e-03
2.434120210000000062e-01 9.234416447682603293e-03
2.436942380000000075e-01 9.209271948236869010e-03
2.439764550000000087e-01 9.184370715350243311e-03
2.442586720000000100e-01 9.159660860004950958e-03
2.445408890000000113e-01 9.135094955070654360e-03
2.448231050000000131e-01 9.110682248459100671e-03
2.451053219999999866e-01 9.086453130228096947e-03
2.453875389999999879e-01 9.062420652367893931e-03
2.456697559999999891e-01 9.038573183330254890e-03
2.459519729999999904e-01 9.014899299268823094e-03
2.462341899999999917e-01 8.991398807788859512e-03
2.465164059999999935e-01 8.968075400298472152e-03
2.467986229999999948e-01 8.944930427035979736e-03
2.470808399999999960e-01 8.921962850435980613e-03
2.473630569999999973e-01 8.899173001235551397e-03
2.476452739999999986e-01 8.876569151772983890e-03
2.479274909999999998e-01 8.854161221901699422e-03
2.482097080000000011e-01 8.831936257571519969e-03
2.484919240000000029e-01 8.809855440060279999e-03
2.487741410000000042e-01 8.787888966609711319e-03
2.490563580000000055e-01 8.766053688806016778e-03
2.493385750000000067e-01 8.744378673943474511e-03
2.496207920000000080e-01 8.722884624265521414e-03
2.499030090000000093e-01 8.701583679253598394e-03
2.501852250000000111e-01 8.680477939102213339e-03
2.504674419999999846e-01 8.659531605992691616e-03
2.507496590000000136e-01 8.638701990641492814e-03
2.510318759999999871e-01 8.617986484471184747e-03
2.513140930000000162e-01 8.597419577926172438e-03
2.515963099999999897e-01 8.577028129136644516e-03
2.518785259999999915e-01 8.556807981193213092e-03
2.521607430000000205e-01 8.536748137326253053e-03
2.524429599999999940e-01 8.516838881293139693e-03
2.527251770000000231e-01 8.497071312829670292e-03
2.530073939999999966e-01 8.477436067292410879e-03
2.532896110000000256e-01 8.457922272718479406e-03
2.535718270000000274e-01 8.438520763293568677e-03
2.538540440000000009e-01 8.419249989227488296e-03
2.541362609999999744e-01 8.400149498885404326e-03
2.544184780000000035e-01 8.381238689407601375e-03
2.547006949999999770e-01 8.362480642385402077e-03
2.549829120000000060e-01 8.343831572545460165e-03
2.552651280000000078e-01 8.325281012647225629e-03
2.555473449999999813e-01 8.306840833845332422e-03
2.558295620000000103e-01 8.288522841811560987e-03
2.561117789999999839e-01 8.270337089374999590e-03
2.563939960000000129e-01 8.252292592901736001e-03
2.566762129999999864e-01 8.234389913105214648e-03
2.569584289999999882e-01 8.216624493638241891e-03
2.572406460000000172e-01 8.198987683454948480e-03
2.575228629999999908e-01 8.181462637473690611e-03
2.578050800000000198e-01 8.164034330075642734e-03
2.580872969999999933e-01 8.146715898339745160e-03
2.583695140000000223e-01 8.129535829675483063e-03
2.586517300000000241e-01 8.112509782279241771e-03
2.589339469999999976e-01 8.095627636225741566e-03
2.592161640000000267e-01 8.078874444497419552e-03
2.594983810000000002e-01 8.062218431415139192e-03
2.597805979999999737e-01 8.045619991262806595e-03
2.600628150000000027e-01 8.029077105460335692e-03
2.603450310000000045e-01 8.012654153963474912e-03
2.606272479999999780e-01 7.996410825589285107e-03
2.609094650000000071e-01 7.980325072229097622e-03
2.611916819999999806e-01 7.964339059230864104e-03
2.614738990000000096e-01 7.948423325219243496e-03
2.617561159999999831e-01 7.932593643333329253e-03
2.620383319999999849e-01 7.916866289876620805e-03
2.623205490000000140e-01 7.901234499482925541e-03
2.628849830000000165e-01 7.870215408029962098e-03
2.631671999999999900e-01 7.854862136227517763e-03
2.634494170000000191e-01 7.839649664862256145e-03
2.637316330000000208e-01 7.824569843284881129e-03
2.640138499999999944e-01 7.809602154087711030e-03
2.642960670000000234e-01 7.794727057341301404e-03
2.645782839999999969e-01 7.779926029043393934e-03
2.648605010000000259e-01 7.765185475877731287e-03
2.651427179999999995e-01 7.750516309941207077e-03
2.654249349999999730e-01 7.735936956767400230e-03
2.657071509999999748e-01 7.721460001117610647e-03
2.659893680000000038e-01 7.707091028457794396e-03
2.662715849999999773e-01 7.692831353306040475e-03
2.665538020000000063e-01 7.678664141188586839e-03
2.668360189999999799e-01 7.664568222952260895e-03
2.671182360000000089e-01 7.650540718683145926e-03
2.674004520000000107e-01 7.636597966488537816e-03
2.676826689999999842e-01 7.622751214787582344e-03
2.679648860000000132e-01 7.608988586211129675e-03
2.682471029999999867e-01 7.595292963614139019e-03
2.685293200000000158e-01 7.581659739678358635e-03
2.688115369999999893e-01 7.568096141666811813e-03
2.690937529999999911e-01 7.554614145203366986e-03
2.693759700000000201e-01 7.541240573377608683e-03
2.696581869999999936e-01 7.528002446452158880e-03
2.699404040000000227e-01 7.514869422618761577e-03
2.702226209999999962e-01 7.501762243451114663e-03
2.705048380000000252e-01 7.488636382856359366e-03
2.707870540000000270e-01 7.475561695684328212e-03
2.710692710000000005e-01 7.462624544346829064e-03
2.713514879999999740e-01 7.449824506841608469e-03
2.716337050000000031e-01 7.437094203843984223e-03
2.719159219999999766e-01 7.424392354777239848e-03
2.721981390000000056e-01 7.411755789894233261e-03
2.724803550000000074e-01 7.399229861778364170e-03
2.727625719999999809e-01 7.386793799950001210e-03
2.730447890000000100e-01 7.374381247242895593e-03
2.733270059999999835e-01 7.361961391323007184e-03
2.736092230000000125e-01 7.349594969173776048e-03
2.738914399999999860e-01 7.337349859296155019e-03
2.741736559999999878e-01 7.325216235909333580e-03
2.744558730000000168e-01 7.313135658327181952e-03
2.747380899999999904e-01 7.301076445669826658e-03
2.750203070000000194e-01 7.289068290583247678e-03
2.755847410000000219e-01 7.265303700588664204e-03
2.758669570000000237e-01 7.253518257056152871e-03
2.761491739999999973e-01 7.241774822087398457e-03
2.764313910000000263e-01 7.230082098424290074e-03
2.767136079999999998e-01 7.218450377441765729e-03
2.772780420000000023e-01 7.195369119199425574e-03
2.775602580000000041e-01 7.183916527613965798e-03
2.778424749999999777e-01 7.172531241288396600e-03
2.781246920000000067e-01 7.161218872145867255e-03
2.784069089999999802e-01 7.149957068933249921e-03
2.786891260000000092e-01 7.138711241916227343e-03
2.789713429999999827e-01 7.127474764771054606e-03
2.792535589999999845e-01 7.116286573924802093e-03
2.795357760000000136e-01 7.105183314382708393e-03
2.798179929999999871e-01 7.094159868835344003e-03
2.801002100000000161e-01 7.083194260731966521e-03
2.803824269999999896e-01 7.072272808864644641e-03
2.806646440000000187e-01 7.061394035928932056e-03
2.809468609999999922e-01 7.050556897826742130e-03
2.815112940000000230e-01 7.028989971029958074e-03
2.817935109999999965e-01 7.018259734318842494e-03
2.820757280000000256e-01 7.007584028075473231e-03
2.823579449999999991e-01 6.996975546650414934e-03
2.826401619999999726e-01 6.986417638022421328e-03
2.832045950000000034e-01 6.965374079447855284e-03
2.834868119999999769e-01 6.954908489574147812e-03
2.837690290000000060e-01 6.944506343129173975e-03
2.840512459999999795e-01 6.934155408478222607e-03
2.843334630000000085e-01 6.923835160767825847e-03
2.846156790000000103e-01 6.913537136824201255e-03
2.848978959999999838e-01 6.903265669695526907e-03
2.851801130000000128e-01 6.893028677717433217e-03
2.854623299999999864e-01 6.882845661256060607e-03
2.857445470000000154e-01 6.872737592609650878e-03
2.860267639999999889e-01 6.862692887456959580e-03
2.863089799999999907e-01 6.852668462284309918e-03
2.865911970000000197e-01 6.842634261704495964e-03
2.868734139999999933e-01 6.832612795683195607e-03
2.871556310000000223e-01 6.822637318781426922e-03
2.874378479999999958e-01 6.812720287815912136e-03
2.877200650000000248e-01 6.802855977185153120e-03
2.880022810000000266e-01 6.793035246014413053e-03
2.882844980000000001e-01 6.783239670190713624e-03
2.885667149999999737e-01 6.773450922556501115e-03
2.888489320000000027e-01 6.763679285378633790e-03
2.891311489999999762e-01 6.753957618357470799e-03
2.894133660000000052e-01 6.744304467895350513e-03
2.896955820000000070e-01 6.734695389828464392e-03
2.899777989999999805e-01 6.725099891115149560e-03
2.902600160000000096e-01 6.715511000673348926e-03
2.905422329999999831e-01 6.705938363815430736e-03
2.908244500000000121e-01 6.696390136338470876e-03
2.913888829999999874e-01 6.677380121178758988e-03
2.916711000000000165e-01 6.667927709203134296e-03
2.919533169999999900e-01 6.658521174622478514e-03
2.922355340000000190e-01 6.649159524143328538e-03
2.927999680000000216e-01 6.630477724975788675e-03
2.930821840000000233e-01 6.621141739338222247e-03
2.933644009999999969e-01 6.611836571995685467e-03
2.939288349999999994e-01 6.593340701832890900e-03
2.942110519999999729e-01 6.584119350127047403e-03
2.947754850000000038e-01 6.565739323481572381e-03
2.950577019999999773e-01 6.556605710680374864e-03
2.953399190000000063e-01 6.547519190605162638e-03
2.956221359999999798e-01 6.538481795772120575e-03
2.959043530000000088e-01 6.529471262751555989e-03
2.961865699999999824e-01 6.520454366090487966e-03
2.964687870000000114e-01 6.511421703651140702e-03
2.967510030000000132e-01 6.502403659434651331e-03
2.970332199999999867e-01 6.493428449740931870e-03
2.973154370000000157e-01 6.484484762056116555e-03
2.975976539999999892e-01 6.475545205166414325e-03
2.978798710000000183e-01 6.466606379918229432e-03
2.981620879999999918e-01 6.457700915061893691e-03
2.984443039999999936e-01 6.448855742989319240e-03
2.987265210000000226e-01 6.440045502259492821e-03
2.990087379999999961e-01 6.431226228242196800e-03
2.992909550000000252e-01 6.422384122857203309e-03
2.995731719999999987e-01 6.413546205484797584e-03
2.998553890000000277e-01 6.404739754591753237e-03
3.004198220000000030e-01 6.387269206144428890e-03
3.007020389999999765e-01 6.378604595045296415e-03
3.009842560000000056e-01 6.369955259180309221e-03
3.012664729999999791e-01 6.361296477513541520e-03
3.015486900000000081e-01 6.352629479351432941e-03
3.018309060000000099e-01 6.343963182885519435e-03
3.026775569999999860e-01 6.318055130575011245e-03
3.032419909999999885e-01 6.300956349594407160e-03
3.035242069999999903e-01 6.292466378663395810e-03
3.046530749999999954e-01 6.258448211844709098e-03
3.049352920000000244e-01 6.250013858038672675e-03
3.057819419999999733e-01 6.224752197926799145e-03
3.060641590000000023e-01 6.216324398411014751e-03
3.063463759999999758e-01 6.207903428868601081e-03
3.066285930000000048e-01 6.199502978871783941e-03
3.069108090000000066e-01 6.191134509155853810e-03
3.071930259999999802e-01 6.182802314086128896e-03
3.074752430000000092e-01 6.174508211788460460e-03
3.077574599999999827e-01 6.166236590146263741e-03
3.080396770000000117e-01 6.157959189403465310e-03
3.083218939999999852e-01 6.149661417107773510e-03
3.086041099999999870e-01 6.141365562073174654e-03
3.088863270000000161e-01 6.133097798773967657e-03
3.094507610000000186e-01 6.116638603849117173e-03
3.097329779999999921e-01 6.108423605705805802e-03
3.100151950000000212e-01 6.100216337937903674e-03
3.102974110000000230e-01 6.092019999205573050e-03
3.105796279999999965e-01 6.083841835742421870e-03
3.108618450000000255e-01 6.075691580085260460e-03
3.111440619999999990e-01 6.067571711592384745e-03
3.114262789999999725e-01 6.059469364853464768e-03
3.117084960000000016e-01 6.051370268518332929e-03
3.119907129999999751e-01 6.043265080702927769e-03
3.122729289999999769e-01 6.035147214945041187e-03
3.125551460000000059e-01 6.027022221743651154e-03
3.131195800000000085e-01 6.010863365910380091e-03
3.136840140000000110e-01 5.994816291630460266e-03
3.139662300000000128e-01 5.986776940643484188e-03
3.142484469999999863e-01 5.978744986587895827e-03
3.145306640000000153e-01 5.970742574784044382e-03
3.148128809999999889e-01 5.962764844269376370e-03
3.150950980000000179e-01 5.954795571480244777e-03
3.153773149999999914e-01 5.946827394520627121e-03
3.162239649999999958e-01 5.922990236881251098e-03
3.165061820000000248e-01 5.915078097969869893e-03
3.167883989999999983e-01 5.907182037779084953e-03
3.170706160000000273e-01 5.899296968299423335e-03
3.173528319999999736e-01 5.891418235731994517e-03
3.176350490000000026e-01 5.883544726057626448e-03
3.179172659999999762e-01 5.875676672847727003e-03
3.181994830000000052e-01 5.867815337956034001e-03
3.184816999999999787e-01 5.859963299048074649e-03
3.187639170000000077e-01 5.852124880594507250e-03
3.193283499999999830e-01 5.836540248886050095e-03
3.196105670000000121e-01 5.828799398763342618e-03
3.198927839999999856e-01 5.821055679514190902e-03
3.201750010000000146e-01 5.813284152731023301e-03
3.204572179999999881e-01 5.805506175233636837e-03
3.207394339999999899e-01 5.797754754969862249e-03
3.210216510000000190e-01 5.790042224993286607e-03
3.215860850000000215e-01 5.774696153860004767e-03
3.224327350000000258e-01 5.751616294459081444e-03
3.229971689999999729e-01 5.736277062042586042e-03
3.235616029999999754e-01 5.721050197975312453e-03
3.238438200000000045e-01 5.713440675881178467e-03
3.241260360000000063e-01 5.705852834033869718e-03
3.244082529999999798e-01 5.698296773852595115e-03
3.246904700000000088e-01 5.690752350817136936e-03
3.249726869999999823e-01 5.683195771728203304e-03
3.252549040000000113e-01 5.675633491877278732e-03
3.258193369999999867e-01 5.660594155518519632e-03
3.261015540000000157e-01 5.653109103217779721e-03
3.263837709999999892e-01 5.645612360081148431e-03
3.266659880000000182e-01 5.638110497405508272e-03
3.269482049999999917e-01 5.630632623606874471e-03
3.272304220000000208e-01 5.623193757885057084e-03
3.275126380000000226e-01 5.615773799653701014e-03
3.280770720000000251e-01 5.600922536313801027e-03
3.283592889999999986e-01 5.593508461755663727e-03
3.286415060000000277e-01 5.586116517828980561e-03
3.289237230000000012e-01 5.578740548107099205e-03
3.292059399999999747e-01 5.571373749299316294e-03
3.294881559999999765e-01 5.564021947248944805e-03
3.297703730000000055e-01 5.556697656687963754e-03
