# q  I_recon
2.398167000000000094e-03 9.970089738043954597e-01
2.680304000000000107e-03 9.962657636365142011e-01
2.962441000000000119e-03 9.954408686057569788e-01
3.244579000000000039e-03 9.945345798107148028e-01
3.526716000000000052e-03 9.935472436269009444e-01
3.808853000000000065e-03 9.924791997861993620e-01
4.090990000000000078e-03 9.913307956320061010e-01
4.373128000000000432e-03 9.901023803518458344e-01
4.655264999999999577e-03 9.887943941495337397e-01
4.937401999999999590e-03 9.874073220939030282e-01
5.219539999999999944e-03 9.859416491771361146e-01
5.501676999999999956e-03 9.843978752381272734e-01
5.783813999999999969e-03 9.827764900460764785e-01
6.065950999999999982e-03 9.810780563126568765e-01
6.348089000000000336e-03 9.793031759068953068e-01
6.630226000000000348e-03 9.774524638335230220e-01
6.912363000000000361e-03 9.755265000639598005e-01
7.194500000000000374e-03 9.735258779400465246e-01
7.476637999999999860e-03 9.714512865911369977e-01
7.758774999999999873e-03 9.693034999189982237e-01
8.040912000000000753e-03 9.670832495254080285e-01
8.323050000000000240e-03 9.647912196628515291e-01
8.605187000000000253e-03 9.624281243087928761e-01
8.887324000000000265e-03 9.599947596339041267e-01
9.169461000000000278e-03 9.574919879218773966e-01
9.451598999999999764e-03 9.549206369840907982e-01
9.733735999999999777e-03 9.522815113929594677e-01
1.001587299999999979e-02 9.495753946489691177e-01
1.029800999999999980e-02 9.468031789978345047e-01
1.058014799999999929e-02 9.439657955991599403e-01
1.086228499999999930e-02 9.410641903895855531e-01
1.114442199999999931e-02 9.380992511826233837e-01
1.142656000000000054e-02 9.350718742027922525e-01
1.170869700000000055e-02 9.319830771444163053e-01
1.199083400000000056e-02 9.288338843559396096e-01
1.227297100000000057e-02 9.256252728585178113e-01
1.255510900000000006e-02 9.223581151073778628e-01
1.283724600000000007e-02 9.190333391826656095e-01
1.311938300000000009e-02 9.156520274756179134e-01
1.340152000000000010e-02 9.122153475713840054e-01
1.368365799999999959e-02 9.087243687219320742e-01
1.396579499999999960e-02 9.051800730830232844e-01
1.424793199999999961e-02 9.015834219062942578e-01
1.453007000000000083e-02 8.979355247520807159e-01
1.481220700000000084e-02 8.942375813777523330e-01
1.509434400000000086e-02 8.904906721818899307e-01
1.537648099999999914e-02 8.866957849025101090e-01
1.565861899999999862e-02 8.828539173100473647e-01
1.594075600000000037e-02 8.789662667128949058e-01
1.622289299999999865e-02 8.750340379689011128e-01
1.650503000000000040e-02 8.710583696685041399e-01
1.678716800000000162e-02 8.670402916346169331e-01
1.706930499999999989e-02 8.629808959995228790e-01
1.735144200000000164e-02 8.588813467396892998e-01
1.763357999999999939e-02 8.547428365849224496e-01
1.791571700000000114e-02 8.505665114570234442e-01
1.819785399999999942e-02 8.463533759329281425e-01
1.847999100000000117e-02 8.421044804742564560e-01
1.876212899999999892e-02 8.378210078975502073e-01
1.904426600000000067e-02 8.335042200857594175e-01
1.932640299999999894e-02 8.291552397226098492e-01
1.960854000000000069e-02 8.247751136350363055e-01
1.989067799999999844e-02 8.203649077703542014e-01
2.017281500000000019e-02 8.159258758602778716e-01
2.045495199999999847e-02 8.114592463709160430e-01
2.073708900000000022e-02 8.069660683620946129e-01
2.101922700000000144e-02 8.024472033764439294e-01
2.130136399999999972e-02 7.979036444826493879e-01
2.158350100000000146e-02 7.933366280930886916e-01
2.186563899999999921e-02 7.887474388517626833e-01
2.214777600000000096e-02 7.841372404875465163e-01
2.242991299999999924e-02 7.795070127980003871e-01
2.271205000000000099e-02 7.748577701510366289e-01
2.299418799999999874e-02 7.701905748383152117e-01
2.327632500000000049e-02 7.655065450365036162e-01
2.355846199999999876e-02 7.608066748841089133e-01
2.384059900000000051e-02 7.560919214691055323e-01
2.412273700000000173e-02 7.513632692629892418e-01
2.440487400000000001e-02 7.466218716920394183e-01
2.468701099999999829e-02 7.418688382129352554e-01
2.496914899999999951e-02 7.371051263606615001e-01
2.525128600000000126e-02 7.323316456359955096e-01
2.553342299999999954e-02 7.275493087455849883e-01
2.581556000000000128e-02 7.227591756939396594e-01
2.609769799999999904e-02 7.179622929329296799e-01
2.637983500000000078e-02 7.131596009404752579e-01
2.666197199999999906e-02 7.083518970936835135e-01
2.694410900000000081e-02 7.035400506732404358e-01
2.722624699999999856e-02 6.987250323755903603e-01
2.750838400000000031e-02 6.939078662885934667e-01
2.779052099999999859e-02 6.890894090135863959e-01
2.807265899999999981e-02 6.842704557107350816e-01
2.835479600000000155e-02 6.794518922605295996e-01
2.863693299999999983e-02 6.746346294897701545e-01
2.891907000000000158e-02 6.698195807569936600e-01
2.920120799999999933e-02 6.650074582603104911e-01
2.948334500000000108e-02 6.601989385246432862e-01
2.976548199999999936e-02 6.553947492035753219e-01
3.004761900000000110e-02 6.505958115338470460e-01
3.032975699999999886e-02 6.458030206770850601e-01
3.061189400000000060e-02 6.410171358482661397e-01
3.089403099999999888e-02 6.362387855621585153e-01
3.117616900000000010e-02 6.314686421186636034e-01
3.145830599999999838e-02 6.267074967224605109e-01
3.174044300000000013e-02 6.219560773081340699e-01
3.202258000000000188e-02 6.172150134359479789e-01
3.230471800000000310e-02 6.124848746779905095e-01
3.258685499999999791e-02 6.077663421242128772e-01
3.286899199999999965e-02 6.030601325240373400e-01
3.315112900000000140e-02 5.983669595723757340e-01
3.343326700000000262e-02 5.936873739680760265e-01
3.371540399999999743e-02 5.890219270241711103e-01
3.399754099999999918e-02 5.843711794929632442e-01
3.427967900000000040e-02 5.797357675259543486e-01
3.456181600000000215e-02 5.751163444778608635e-01
3.484395299999999696e-02 5.705133310320316120e-01
3.512608999999999870e-02 5.659271114644330858e-01
3.540822799999999992e-02 5.613581726128553662e-01
3.569036500000000167e-02 5.568071862629042634e-01
3.597250200000000342e-02 5.522747375402898840e-01
3.625463899999999823e-02 5.477612258660374822e-01
3.653677699999999945e-02 5.432669830709044856e-01
3.681891400000000120e-02 5.387924932365045771e-01
3.710105100000000294e-02 5.343383013501439294e-01
3.738318799999999775e-02 5.299049141891999382e-01
3.766532599999999897e-02 5.254925885812424813e-01
3.794746300000000072e-02 5.211015775303214914e-01
3.822960000000000247e-02 5.167322369886169220e-01
3.851173799999999675e-02 5.123850645092971057e-01
3.879387499999999850e-02 5.080605606236194838e-01
3.907601200000000025e-02 5.037590075550569813e-01
3.935814900000000199e-02 4.994806677843166010e-01
3.964028700000000321e-02 4.952258374238639460e-01
3.992242399999999802e-02 4.909948993274540485e-01
4.020456099999999977e-02 4.867881604872550949e-01
4.048669800000000152e-02 4.826058423062573044e-01
4.076883600000000274e-02 4.784481364326753083e-01
4.105097299999999755e-02 4.743153503107314650e-01
4.133310999999999930e-02 4.702078024400237477e-01
4.161524800000000052e-02 4.661257601012495644e-01
4.189738500000000226e-02 4.620693841850872507e-01
4.217952199999999707e-02 4.580387752635427523e-01
4.246165899999999882e-02 4.540341704951499358e-01
4.274379700000000004e-02 4.500558782044714601e-01
4.302593400000000179e-02 4.461041832875474733e-01
4.330807099999999660e-02 4.421791575029558330e-01
4.359020799999999835e-02 4.382808674123217507e-01
4.387234599999999957e-02 4.344094483086202163e-01
4.415448300000000131e-02 4.305651285778121506e-01
4.443662000000000306e-02 4.267480652080771764e-01
4.471875799999999734e-02 4.229583450423194391e-01
4.500089499999999909e-02 4.191960918987173712e-01
4.528303200000000084e-02 4.154614534380210444e-01
4.556516900000000259e-02 4.117546267512790514e-01
4.584730699999999687e-02 4.080756925758878828e-01
4.612944399999999862e-02 4.044245582884476442e-01
4.641158100000000036e-02 4.008010970150913121e-01
4.669371800000000211e-02 3.972054640664134939e-01
4.697585600000000333e-02 3.936379394715566193e-01
4.725799299999999814e-02 3.900987136770850960e-01
4.754012999999999989e-02 3.865877019255994917e-01
4.782226800000000111e-02 3.831048080479304008e-01
4.810440500000000286e-02 3.796500786947642481e-01
4.838654199999999767e-02 3.762235718900423520e-01
4.866867899999999941e-02 3.728253125093460296e-01
4.895081700000000063e-02 3.694552372763189596e-01
4.923295400000000238e-02 3.661133243870649534e-01
4.951509099999999719e-02 3.627996040226135754e-01
4.979722799999999894e-02 3.595141536038421459e-01
5.007936600000000016e-02 3.562569622710674011e-01
5.036150300000000191e-02 3.530279380744461570e-01
5.064363999999999671e-02 3.498269661499698313e-01
5.092577799999999794e-02 3.466540610041634607e-01
5.120791499999999968e-02 3.435093166187578873e-01
5.149005200000000143e-02 3.403926867267313416e-01
5.177218900000000318e-02 3.373039914151161889e-01
5.205432699999999746e-02 3.342430569950720631e-01
5.233646399999999921e-02 3.312098898180409479e-01
5.261860100000000096e-02 3.282045106196522233e-01
5.290073800000000270e-02 3.252268657717510281e-01
5.318287599999999699e-02 3.222767862063624644e-01
5.346501299999999873e-02 3.193541525075506149e-01
5.374715000000000048e-02 3.164589329014961816e-01
5.402928800000000170e-02 3.135911272407393979e-01
5.431142500000000345e-02 3.107506403069773548e-01
5.459356199999999826e-02 3.079372063644799096e-01
5.487569900000000001e-02 3.051506081667991199e-01
5.515783700000000123e-02 3.023908141664972682e-01
5.543997400000000297e-02 2.996578707008407672e-01
5.572211099999999778e-02 2.969517073215991454e-01
5.600424799999999953e-02 2.942721751275074182e-01
5.628638600000000075e-02 2.916191065863446563e-01
5.656852300000000250e-02 2.889923418142152367e-01
5.685065999999999731e-02 2.863916896637737630e-01
5.713279699999999905e-02 2.838170057865153084e-01
5.741493500000000028e-02 2.812681710238421062e-01
5.769707200000000202e-02 2.787450966781185868e-01
5.797920899999999683e-02 2.762476742290762011e-01
5.826134699999999805e-02 2.737757919767805914e-01
5.854348399999999980e-02 2.713292788648001275e-01
5.882562100000000155e-02 2.689078665969699689e-01
5.910775800000000330e-02 2.665113448536280960e-01
5.938989599999999758e-02 2.641396515834744663e-01
5.967203299999999933e-02 2.617927694431347319e-01
5.995417000000000107e-02 2.594705082634875537e-01
6.023630700000000282e-02 2.571725757043438199e-01
6.051844499999999710e-02 2.548987316528228408e-01
6.080058199999999885e-02 2.526489321484699513e-01
6.108271900000000060e-02 2.504231248695625855e-01
6.136485700000000182e-02 2.482210924687780762e-01
6.164699399999999663e-02 2.460425290113220642e-01
6.192913099999999837e-02 2.438871978796299800e-01
6.221126800000000012e-02 2.417551030243962895e-01
6.249340600000000134e-02 2.396462477365558785e-01
6.277554300000000309e-02 2.375603508222813021e-01
6.305768000000000484e-02 2.354969212617598617e-01
6.333981700000000659e-02 2.334556487029311733e-01
6.362195499999999393e-02 2.314366032383000371e-01
6.390409199999999568e-02 2.294398947393765653e-01
6.418622899999999742e-02 2.274652940376723220e-01
6.446836699999999865e-02 2.255123973029110884e-01
6.475050400000000039e-02 2.235809318251189559e-01
6.503264100000000214e-02 2.216708267708989433e-01
6.531477800000000389e-02 2.197820257754661000e-01
6.559691600000000511e-02 2.179143087854992777e-01
6.587905300000000686e-02 2.160673977481468444e-01
6.616118999999999473e-02 2.142410493324753695e-01
6.644332699999999647e-02 2.124351255784076298e-01
6.672546499999999770e-02 2.106494849808460412e-01
6.700760199999999944e-02 2.088839494551864850e-01
6.728973900000000119e-02 2.071382972482904428e-01
6.757187700000000241e-02 2.054123271255960947e-01
6.785401400000000416e-02 2.037058890366993114e-01
6.813615100000000591e-02 2.020188106546164652e-01
6.841828799999999378e-02 2.003508806130668285e-01
6.870042599999999500e-02 1.987018642030350113e-01
6.898256299999999674e-02 1.970715806980567197e-01
6.926469999999999849e-02 1.954598851216649835e-01
6.954683700000000024e-02 1.938666288149482331e-01
6.982897500000000146e-02 1.922915770642159572e-01
7.011111200000000321e-02 1.907344841916233380e-01
7.039324900000000496e-02 1.891951469793611007e-01
7.067538700000000618e-02 1.876734407304638530e-01
7.095752399999999405e-02 1.861692428326667814e-01
7.123966099999999579e-02 1.846823134069060790e-01
7.152179799999999754e-02 1.832123875249689338e-01
7.180393599999999876e-02 1.817592693656375491e-01
7.208607300000000051e-02 1.803228672754416118e-01
7.236821000000000226e-02 1.789030568875800975e-01
7.265034700000000401e-02 1.774996148685449859e-01
7.293248500000000523e-02 1.761122852324669696e-01
7.321462199999999310e-02 1.747408911442775437e-01
7.349675899999999484e-02 1.733853107443973085e-01
7.377889599999999659e-02 1.720454071094540682e-01
7.406103399999999781e-02 1.707209413785876762e-01
7.434317099999999956e-02 1.694116674770584641e-01
7.462530800000000131e-02 1.681174118758628766e-01
7.490744600000000253e-02 1.668380862459284963e-01
7.518958300000000428e-02 1.655735784433809143e-01
7.547172000000000602e-02 1.643236113227473094e-01
7.575385699999999389e-02 1.630878859565364769e-01
7.603599499999999511e-02 1.618662607575346302e-01
7.631813199999999686e-02 1.606587506932445897e-01
7.660026899999999861e-02 1.594652805214473168e-01
7.688240600000000036e-02 1.582855080236530709e-01
7.716454400000000158e-02 1.571190461157832008e-01
7.744668100000000333e-02 1.559657627038804895e-01
7.772881800000000507e-02 1.548257083872300877e-01
7.801095600000000629e-02 1.536988517182105163e-01
7.829309299999999416e-02 1.525849140496585155e-01
7.857522999999999591e-02 1.514835691981232524e-01
7.885736699999999766e-02 1.503946613394462894e-01
7.913950499999999888e-02 1.493181518735959556e-01
7.942164200000000063e-02 1.482539573322687043e-01
7.970377900000000237e-02 1.472018266042192380e-01
7.998591600000000412e-02 1.461614961269886159e-01
8.026805400000000534e-02 1.451328092096674238e-01
8.055019099999999321e-02 1.441156927520969577e-01
8.083232799999999496e-02 1.431100362829723915e-01
8.111446599999999618e-02 1.421156637350491914e-01
8.139660299999999793e-02 1.411324036948483907e-01
8.167873999999999968e-02 1.401601122355334572e-01
8.196087700000000142e-02 1.391986715100523853e-01
8.224301500000000265e-02 1.382479393227837861e-01
8.252515200000000439e-02 1.373077380976918116e-01
8.280728900000000614e-02 1.363778796777080915e-01
8.308942599999999401e-02 1.354582287113730577e-01
8.337156399999999523e-02 1.345486730835264710e-01
8.365370099999999698e-02 1.336491000618571234e-01
8.393583799999999873e-02 1.327593669889980121e-01
8.421797599999999995e-02 1.318793294007854500e-01
8.450011300000000170e-02 1.310088550047255329e-01
8.478225000000000344e-02 1.301478034362436587e-01
8.506438700000000519e-02 1.292960318560939514e-01
8.534652500000000641e-02 1.284533847076249347e-01
8.562866199999999428e-02 1.276197218734052563e-01
8.591079899999999603e-02 1.267949476369658046e-01
8.619293599999999778e-02 1.259789918466578951e-01
8.647507399999999900e-02 1.251717403425100517e-01
8.675721100000000074e-02 1.243730229069696935e-01
8.703934800000000249e-02 1.235826643917212614e-01
8.732148600000000371e-02 1.228005487964315967e-01
8.760362300000000546e-02 1.220265911532473213e-01
8.788575999999999333e-02 1.212606820326387197e-01
8.816789699999999508e-02 1.205026918714211526e-01
8.845003499999999630e-02 1.197524897291992463e-01
8.873217199999999805e-02 1.190099695918366562e-01
8.901430899999999979e-02 1.182750233409847890e-01
8.929644600000000154e-02 1.175475433842382150e-01
8.957858400000000276e-02 1.168274168303313071e-01
8.986072100000000451e-02 1.161145430792161620e-01
9.014285800000000626e-02 1.154088381298286198e-01
9.042499499999999413e-02 1.147102266246256275e-01
9.070713299999999535e-02 1.140185839925977052e-01
9.098926999999999710e-02 1.133337387248629369e-01
9.127140699999999884e-02 1.126555295323827532e-01
9.155354500000000006e-02 1.119838877122915494e-01
9.183568200000000181e-02 1.113187765607912688e-01
9.211781900000000356e-02 1.106601259239871210e-01
9.239995600000000531e-02 1.100078403988269532e-01
9.268209400000000653e-02 1.093618172372859826e-01
9.296423099999999440e-02 1.087219455269329560e-01
9.324636799999999615e-02 1.080881051213967298e-01
9.352850499999999789e-02 1.074602077731765942e-01
9.381064299999999911e-02 1.068381912225725011e-01
9.409278000000000086e-02 1.062219902850352476e-01
9.437491700000000261e-02 1.056114951094362930e-01
9.465705500000000383e-02 1.050065886586692421e-01
9.493919200000000558e-02 1.044071822130111793e-01
9.522132899999999345e-02 1.038131994988376328e-01
9.550346599999999520e-02 1.032245768118769252e-01
9.578560399999999642e-02 1.026412796640683162e-01
9.606774099999999816e-02 1.020632801353271446e-01
9.634987799999999991e-02 1.014904546052261686e-01
9.663201500000000166e-02 1.009226116984686811e-01
9.691415300000000288e-02 1.003596067724080027e-01
9.719629000000000463e-02 9.980144564674850449e-02
9.747842700000000637e-02 9.924814793957037473e-02
9.776056499999999372e-02 9.869965624774916513e-02
9.804270199999999547e-02 9.815586454956183593e-02
9.832483899999999721e-02 9.761667557360016734e-02
9.860697599999999896e-02 9.708203430240540388e-02
9.888911400000000018e-02 9.655188876702501533e-02
9.917125100000000193e-02 9.602617610071623178e-02
9.945338800000000368e-02 9.550481720977305189e-02
9.973552500000000542e-02 9.498772923583724548e-02
1.000176630000000066e-01 9.447481490710932239e-02
1.002997999999999945e-01 9.396598815298243257e-02
1.005819369999999963e-01 9.346123289757528318e-02
1.008640739999999980e-01 9.296057807690677466e-02
1.011462119999999992e-01 9.246399653575219924e-02
1.014283490000000010e-01 9.197135288804805797e-02
1.017104860000000027e-01 9.148250312661211636e-02
1.019926240000000039e-01 9.099739794822417349e-02
1.022747610000000057e-01 9.051604230788651284e-02
1.025568979999999936e-01 9.003841965007269854e-02
1.028390349999999953e-01 8.956448388651346015e-02
1.031211729999999965e-01 8.909417791317858493e-02
1.034033099999999983e-01 8.862740338037800036e-02
1.036854470000000000e-01 8.816403624738941569e-02
1.039675840000000018e-01 8.770402910771910032e-02
1.042497220000000030e-01 8.724745924101913463e-02
1.045318590000000047e-01 8.679439293420287971e-02
1.048139960000000065e-01 8.634469888649860814e-02
1.050961339999999938e-01 8.589816632689278864e-02
1.053782709999999956e-01 8.545468685063957459e-02
1.056604079999999973e-01 8.501429609155680689e-02
1.059425449999999991e-01 8.457703585644571476e-02
1.062246830000000003e-01 8.414289820748532822e-02
1.065068200000000020e-01 8.371186086368546941e-02
1.067889570000000038e-01 8.328386528341980011e-02
1.070710940000000055e-01 8.285881103198647346e-02
1.073532320000000068e-01 8.243660771914662622e-02
1.076353689999999946e-01 8.201724949947512833e-02
1.079175059999999964e-01 8.160075209908987381e-02
1.081996439999999976e-01 8.118709341606300534e-02
1.084817809999999993e-01 8.077620860780948542e-02
1.087639180000000011e-01 8.036803162657076005e-02
1.090460550000000028e-01 7.996252775196030504e-02
1.093281930000000041e-01 7.955967001091747426e-02
1.096103300000000058e-01 7.915943911977940672e-02
1.098924669999999937e-01 7.876181534633837356e-02
1.101746039999999954e-01 7.836677415681067571e-02
1.104567419999999967e-01 7.797426172525799559e-02
1.107388789999999984e-01 7.758422184058991200e-02
1.110210160000000001e-01 7.719661805643411590e-02
1.113031540000000014e-01 7.681143839353753167e-02
1.115852910000000031e-01 7.642867376092989107e-02
1.118674280000000049e-01 7.604830205387057285e-02
1.121495650000000066e-01 7.567030024705927171e-02
1.124317029999999940e-01 7.529464127944145158e-02
1.127138399999999957e-01 7.492129957529426731e-02
1.129959769999999974e-01 7.455023418484107989e-02
1.132781139999999992e-01 7.418136652854981361e-02
1.135602520000000004e-01 7.381461337765699016e-02
1.138423890000000022e-01 7.344998150217538213e-02
1.141245260000000039e-01 7.308754583998149090e-02
1.144066640000000051e-01 7.272734433234472051e-02
1.146888010000000069e-01 7.236929755799817454e-02
1.149709379999999947e-01 7.201330335074374034e-02
1.152530749999999965e-01 7.165932522094251023e-02
1.155352129999999977e-01 7.130737423962711652e-02
1.158173499999999995e-01 7.095746088090812420e-02
1.160994870000000012e-01 7.060957653613683660e-02
1.163816240000000030e-01 7.026370845090181005e-02
1.166637620000000042e-01 6.991980763360328144e-02
1.169458990000000059e-01 6.957780482763299690e-02
1.172280359999999938e-01 6.923766226454731998e-02
1.175101729999999955e-01 6.889943170392452687e-02
1.177923109999999968e-01 6.856316830228743886e-02
1.180744479999999985e-01 6.822883313000693839e-02
1.183565850000000003e-01 6.789632328464900723e-02
1.186387230000000015e-01 6.756556429109296380e-02
1.189208600000000032e-01 6.723655046827481385e-02
1.192029970000000050e-01 6.690928356014529121e-02
1.194851340000000067e-01 6.658378702112373315e-02
1.197672719999999941e-01 6.626009443562265455e-02
1.200494089999999958e-01 6.593821331029452171e-02
1.203315459999999976e-01 6.561808827448541159e-02
1.206136829999999993e-01 6.529966023223852944e-02
1.208958210000000005e-01 6.498288782009400966e-02
1.211779580000000023e-01 6.466774283603390905e-02
1.214600950000000040e-01 6.435422063988492647e-02
1.217422330000000052e-01 6.404236516131152357e-02
1.220243699999999931e-01 6.373221698178517525e-02
1.223065069999999949e-01 6.342372507519035418e-02
1.225886439999999966e-01 6.311680013813657231e-02
1.228707819999999978e-01 6.281140106831738235e-02
1.231529189999999996e-01 6.250757073996818236e-02
1.234350560000000013e-01 6.220534577424115252e-02
1.237171930000000031e-01 6.190469441668120659e-02
1.239993310000000043e-01 6.160555611621092165e-02
1.242814680000000060e-01 6.130790571675035633e-02
1.245636049999999939e-01 6.101176250788736821e-02
1.248457429999999951e-01 6.071714613089253254e-02
1.251278799999999969e-01 6.042405869661620493e-02
1.254100170000000125e-01 6.013249104930286359e-02
1.256921540000000004e-01 5.984241169746280092e-02
1.259742919999999877e-01 5.955375695382782164e-02
1.262564290000000033e-01 5.926647839857768219e-02
1.265385659999999912e-01 5.898060018036790919e-02
1.268207030000000068e-01 5.869617092324842800e-02
1.271028409999999942e-01 5.841319340397579940e-02
1.273849780000000098e-01 5.813161923365658262e-02
1.276671149999999977e-01 5.785140453736275362e-02
1.279492530000000128e-01 5.757255596959105770e-02
1.282313900000000007e-01 5.729509725463086123e-02
1.285135269999999885e-01 5.701903012089084427e-02
1.287956640000000041e-01 5.674433647512912987e-02
1.290778019999999915e-01 5.647099367183452956e-02
1.293599390000000071e-01 5.619897137941143317e-02
1.296420759999999950e-01 5.592823513597983826e-02
1.299242130000000106e-01 5.565878653013130867e-02
1.302063509999999980e-01 5.539066095637273923e-02
1.304884880000000136e-01 5.512388402840414509e-02
1.307706250000000014e-01 5.485842572988576527e-02
1.310527629999999888e-01 5.459424476414345695e-02
1.313349000000000044e-01 5.433132235181393349e-02
1.316170369999999923e-01 5.406965459247281558e-02
1.318991740000000079e-01 5.380924248732401466e-02
1.321813119999999953e-01 5.355009725958349842e-02
1.324634490000000109e-01 5.329223311173659355e-02
1.327455859999999987e-01 5.303562740148464599e-02
1.330277229999999866e-01 5.278023071267926025e-02
1.333098610000000017e-01 5.252600607878531863e-02
1.335919979999999896e-01 5.227296149759719929e-02
1.338741350000000052e-01 5.202111120384624032e-02
1.341562719999999931e-01 5.177048553984064938e-02
1.344384100000000082e-01 5.152112508442532185e-02
1.347205469999999961e-01 5.127303428068872432e-02
1.350026840000000117e-01 5.102611046454082200e-02
1.352848219999999990e-01 5.078024460452525840e-02
1.355669589999999869e-01 5.053546245371531159e-02
1.358490960000000025e-01 5.029187492380095964e-02
1.361312329999999904e-01 5.004954262307330370e-02
1.364133710000000055e-01 4.980839862768432491e-02
1.366955079999999934e-01 4.956836578461846360e-02
1.369776450000000090e-01 4.932942604795997193e-02
1.372597819999999968e-01 4.909159930670561889e-02
1.375419200000000119e-01 4.885490455916221414e-02
1.378240569999999998e-01 4.861936210816266563e-02
1.381061939999999877e-01 4.838498353583148975e-02
1.383883320000000028e-01 4.815172432830946286e-02
1.386704689999999907e-01 4.791951238684604569e-02
1.389526060000000063e-01 4.768831950313418694e-02
1.392347429999999942e-01 4.745820900380767066e-02
1.395168810000000092e-01 4.722924318071995697e-02
1.397990179999999971e-01 4.700139958914707761e-02
1.400811550000000127e-01 4.677461116032465699e-02
1.403632920000000006e-01 4.654884902971485883e-02
1.406454299999999880e-01 4.632414957957947665e-02
1.409275670000000036e-01 4.610055143741881994e-02
1.412097039999999915e-01 4.587804149270063164e-02
1.414918420000000066e-01 4.565658496351189533e-02
1.417739789999999944e-01 4.543615082429491858e-02
1.420561160000000100e-01 4.521670806285078142e-02
1.423382529999999979e-01 4.499823627727713576e-02
1.426203910000000130e-01 4.478077601181934542e-02
1.429025280000000009e-01 4.456439343817374804e-02
1.431846649999999888e-01 4.434910022039552369e-02
1.434668020000000044e-01 4.413483403546297063e-02
1.437489399999999917e-01 4.392153911045260095e-02
1.440310770000000073e-01 4.370923648496932712e-02
1.443132139999999952e-01 4.349797006285772288e-02
1.445953520000000103e-01 4.328773450341041190e-02
1.448774889999999982e-01 4.307846289029121367e-02
1.451596260000000138e-01 4.287010115316697983e-02
1.454417630000000017e-01 4.266269425161572926e-02
1.457239009999999890e-01 4.245631552511845014e-02
1.460060380000000047e-01 4.225097636599431383e-02
1.462881749999999925e-01 4.204661077587275309e-02
1.465703120000000081e-01 4.184316316382587220e-02
1.468524499999999955e-01 4.164064053137209870e-02
1.471345870000000111e-01 4.143906934106478951e-02
1.474167239999999990e-01 4.123845766312131400e-02
1.476988619999999863e-01 4.103879634144162736e-02
1.479809990000000020e-01 4.084007831450005288e-02
1.482631359999999898e-01 4.064229765940522571e-02
1.485452730000000054e-01 4.044545032706294702e-02
1.488274109999999928e-01 4.024953884698358880e-02
1.491095480000000084e-01 4.005457482332049762e-02
1.493916849999999963e-01 3.986056070777115740e-02
1.496738220000000119e-01 3.966747308294913538e-02
1.499559599999999993e-01 3.947528312098229353e-02
1.502380969999999871e-01 3.928398707019000596e-02
1.505202340000000027e-01 3.909359919886695733e-02
1.508023719999999901e-01 3.890412716610176791e-02
1.510845090000000057e-01 3.871555709468416095e-02
1.513666459999999936e-01 3.852786925092271247e-02
1.516487830000000092e-01 3.834105861030430440e-02
1.519309209999999966e-01 3.815513056249714152e-02
1.522130580000000122e-01 3.797009171041954706e-02
1.524951950000000001e-01 3.778594360771462407e-02
1.527773319999999879e-01 3.760268800677402101e-02
1.530594700000000030e-01 3.742032721301755821e-02
1.533416069999999909e-01 3.723886629214061272e-02
1.536237440000000065e-01 3.705829329740974870e-02
1.539058809999999944e-01 3.687855785812004655e-02
1.541880190000000095e-01 3.669960921723862401e-02
1.544701559999999974e-01 3.652147399087312535e-02
1.547522930000000130e-01 3.634422547076215926e-02
1.550344310000000003e-01 3.616790159060072340e-02
1.553165679999999882e-01 3.599245803889584983e-02
1.555987050000000038e-01 3.581784085631670861e-02
1.558808419999999917e-01 3.564403895783376658e-02
1.561629800000000068e-01 3.547106524155825558e-02
1.564451169999999947e-01 3.529892831816729831e-02
1.567272540000000103e-01 3.512762150722056192e-02
1.570093909999999982e-01 3.495713809814593453e-02
1.572915290000000132e-01 3.478748010068408170e-02
1.575736660000000011e-01 3.461865614835780980e-02
1.578558029999999890e-01 3.445066426277529348e-02
1.581379410000000041e-01 3.428348580554337055e-02
1.584200779999999920e-01 3.411710516896965251e-02
1.587022150000000076e-01 3.395152940068921210e-02
1.589843519999999955e-01 3.378677749360666643e-02
1.592664900000000106e-01 3.362285025580943193e-02
1.595486269999999984e-01 3.345972019700500094e-02
1.598307639999999863e-01 3.329736092112674933e-02
1.601129010000000019e-01 3.313578680382010810e-02
1.603950389999999893e-01 3.297502828775310257e-02
1.606771760000000049e-01 3.281508890826839026e-02
1.609593129999999928e-01 3.265592645771383390e-02
1.612414510000000079e-01 3.249750342637314909e-02
1.615235879999999957e-01 3.233983619993888170e-02
1.618057250000000113e-01 3.218295895512438692e-02
1.620878619999999992e-01 3.202688395749696271e-02
1.623699999999999866e-01 3.187159166401846988e-02
1.626521370000000022e-01 3.171706631235706592e-02
1.629342739999999901e-01 3.156331494432630669e-02
1.632164110000000057e-01 3.141035269390014123e-02
1.634985489999999930e-01 3.125816370315107062e-02
1.637806860000000087e-01 3.110669545375799663e-02
1.640628229999999965e-01 3.095591025774565436e-02
1.643449610000000116e-01 3.080586322498023860e-02
1.646270979999999995e-01 3.065663674296270971e-02
1.649092349999999874e-01 3.050823019616300327e-02
1.651913720000000030e-01 3.036055086295512059e-02
1.654735099999999903e-01 3.021352640514281956e-02
1.657556470000000060e-01 3.006719973362584342e-02
1.660377839999999938e-01 2.992164116505864960e-02
1.663199210000000094e-01 2.977686866047461051e-02
1.666020589999999968e-01 2.963284516749103634e-02
1.668841960000000124e-01 2.948953847365604758e-02
1.671663330000000003e-01 2.934693757163764002e-02
1.674484709999999876e-01 2.920503770387817416e-02
1.677306080000000033e-01 2.906384946670552763e-02
1.680127449999999911e-01 2.892339487445208870e-02
1.682948820000000067e-01 2.878368650060506712e-02
1.685770199999999941e-01 2.864469995189873608e-02
1.688591570000000097e-01 2.850640534619318725e-02
1.691412939999999976e-01 2.836878856005493194e-02
1.694234310000000132e-01 2.823185054670181160e-02
1.697055690000000006e-01 2.809560130411919640e-02
1.699877059999999884e-01 2.796008059214667718e-02
1.702698430000000041e-01 2.782532708390222584e-02
1.705519799999999919e-01 2.769130352045957519e-02
1.708341180000000070e-01 2.755791371558180200e-02
1.711162549999999949e-01 2.742510689088181047e-02
1.713983920000000105e-01 2.729295797288400216e-02
1.716805299999999979e-01 2.716155610396682810e-02
1.719626670000000135e-01 2.703089128897145227e-02
1.722448040000000014e-01 2.690088258454351525e-02
1.725269409999999892e-01 2.677148651821560643e-02
1.728090790000000043e-01 2.664275541687036522e-02
1.730912159999999922e-01 2.651475046078581588e-02
1.733733530000000078e-01 2.638744933602787945e-02
1.736554899999999957e-01 2.626077894019604106e-02
1.739376280000000108e-01 2.613470599192574059e-02
1.742197649999999987e-01 2.600929100136039826e-02
1.745019019999999865e-01 2.588459681103680993e-02
1.747840400000000016e-01 2.576059858829367680e-02
1.750661769999999895e-01 2.563722349441551265e-02
1.753483140000000051e-01 2.551443390922786963e-02
1.756304509999999930e-01 2.539226783222714445e-02
1.759125890000000081e-01 2.527076584977186458e-02
1.761947259999999960e-01 2.514991759117239656e-02
1.764768630000000116e-01 2.502968504564431068e-02
1.767589999999999995e-01 2.491005932846968723e-02
1.770411379999999868e-01 2.479108393002374747e-02
1.773232750000000024e-01 2.467279912473595641e-02
1.776054119999999903e-01 2.455516715338546332e-02
1.778875500000000054e-01 2.443811568696994604e-02
1.781696869999999933e-01 2.432162091930320860e-02
1.784518240000000089e-01 2.420573604318004834e-02
1.787339609999999968e-01 2.409051090696604294e-02
1.790160990000000119e-01 2.397592042478862220e-02
1.792982359999999997e-01 2.386191074724923825e-02
1.795803729999999876e-01 2.374846858511409087e-02
1.798625100000000032e-01 2.363564343896239900e-02
1.801446479999999906e-01 2.352347666318653843e-02
1.804267850000000062e-01 2.341193403707772513e-02
1.807089219999999941e-01 2.330095286427017603e-02
1.809910600000000092e-01 2.319051866322344169e-02
1.812731969999999970e-01 2.308068314623500442e-02
1.815553340000000127e-01 2.297148906104628033e-02
1.818374710000000005e-01 2.286291361778839890e-02
1.821196089999999879e-01 2.275491247714630724e-02
1.824017460000000035e-01 2.264746601621583574e-02
1.826838829999999914e-01 2.254058222903047859e-02
1.829660200000000070e-01 2.243426994601043292e-02
1.832481579999999943e-01 2.232853148485320488e-02
1.835302950000000100e-01 2.222336847157191722e-02
1.838124319999999978e-01 2.211878155593428874e-02
1.840945700000000129e-01 2.201477156090352397e-02
1.843767070000000008e-01 2.191133674876032111e-02
1.846588439999999887e-01 2.180845870618835017e-02
1.849409810000000043e-01 2.170611652895739971e-02
1.852231189999999916e-01 2.160431802487415218e-02
1.855052560000000073e-01 2.150310117589260619e-02
1.857873929999999951e-01 2.140248773818136108e-02
1.860695300000000107e-01 2.130243776731233912e-02
1.863516679999999981e-01 2.120289831850262832e-02
1.866338050000000137e-01 2.110385672641662547e-02
1.869159420000000016e-01 2.100533482200820853e-02
1.871980799999999889e-01 2.090735398928421016e-02
1.874802170000000046e-01 2.080993077232905220e-02
1.877623539999999924e-01 2.071307846430838276e-02
1.880444910000000081e-01 2.061679472283240583e-02
1.883266289999999954e-01 2.052106374148972637e-02
1.886087660000000110e-01 2.042586584822760065e-02
1.888909029999999989e-01 2.033116677833217770e-02
1.891730399999999868e-01 2.023693351993569728e-02
1.894551780000000019e-01 2.014318193368915336e-02
1.897373149999999897e-01 2.004996541052043654e-02
1.900194520000000054e-01 1.995731621624074331e-02
1.903015889999999932e-01 1.986521015576210580e-02
1.905837270000000083e-01 1.977361489065365685e-02
1.908658639999999962e-01 1.968251983910690450e-02
1.911480010000000118e-01 1.959192741554094397e-02
1.914301389999999992e-01 1.950184000772467452e-02
1.917122759999999870e-01 1.941226024857947013e-02
1.919944130000000027e-01 1.932318934162954166e-02
1.922765499999999905e-01 1.923462489870354092e-02
1.925586880000000056e-01 1.914656185646836442e-02
1.928408249999999935e-01 1.905899846759022409e-02
1.931229620000000091e-01 1.897193731349178583e-02
1.934050989999999970e-01 1.888538066095271986e-02
1.936872370000000121e-01 1.879931803858976222e-02
1.939693740000000000e-01 1.871373306459857971e-02
1.942515109999999878e-01 1.862860754602987251e-02
1.945336490000000029e-01 1.854392167571544681e-02
1.948157859999999908e-01 1.845966384458921569e-02
1.950979230000000064e-01 1.837588357541614092e-02
1.953800599999999943e-01 1.829266064205862033e-02
1.956621980000000094e-01 1.821001194484497127e-02
1.959443349999999973e-01 1.812784404368784907e-02
1.962264720000000129e-01 1.804606748003018818e-02
1.965086090000000008e-01 1.796471218816515433e-02
1.967907469999999881e-01 1.788385989097501447e-02
1.970728840000000037e-01 1.780353471754224717e-02
1.973550209999999916e-01 1.772366607859998666e-02
1.976371590000000067e-01 1.764418847267012341e-02
1.979192959999999946e-01 1.756512497321247035e-02
1.982014330000000102e-01 1.748653230748593163e-02
1.984835699999999981e-01 1.740843980976625183e-02
1.987657080000000132e-01 1.733083640193038358e-02
1.990478450000000010e-01 1.725370691057129258e-02
1.993299819999999889e-01 1.717702502420915406e-02
1.996121190000000045e-01 1.710076154407955823e-02
1.998942569999999919e-01 1.702490798808638933e-02
2.001763940000000075e-01 1.694948413133189058e-02
2.004585309999999954e-01 1.687450726710984852e-02
2.007406690000000105e-01 1.679997654100661569e-02
2.010228059999999983e-01 1.672588613547280542e-02
2.013049429999999862e-01 1.665223160777695027e-02
2.015870800000000018e-01 1.657901135050145192e-02
2.018692179999999892e-01 1.650622537670430254e-02
2.021513550000000048e-01 1.643388240702804010e-02
2.024334919999999927e-01 1.636199187216150555e-02
2.027156290000000083e-01 1.629054278206914716e-02
2.029977669999999956e-01 1.621950171702678939e-02
2.032799040000000113e-01 1.614884446314506991e-02
2.035620409999999991e-01 1.607858512927131181e-02
2.038441789999999865e-01 1.600874720003450657e-02
2.041263160000000021e-01 1.593934106530712699e-02
2.044084529999999900e-01 1.587036292835520418e-02
2.046905900000000056e-01 1.580180549602822407e-02
2.049727279999999929e-01 1.573364957087002372e-02
2.052548650000000086e-01 1.566587554456803227e-02
2.055370019999999964e-01 1.559849133699879598e-02
2.058191390000000121e-01 1.553152997171871642e-02
2.061012769999999994e-01 1.546501002785782321e-02
2.063834139999999873e-01 1.539890160788176185e-02
2.066655510000000029e-01 1.533316612068377945e-02
2.069476879999999908e-01 1.526779738287062371e-02
2.072298260000000059e-01 1.520281461552481714e-02
2.075119629999999937e-01 1.513823282108688745e-02
2.077941000000000094e-01 1.507404988667184614e-02
2.080762379999999967e-01 1.501026081238217638e-02
2.083583750000000123e-01 1.494686251232902642e-02
2.086405120000000002e-01 1.488385211305147046e-02
2.089226489999999881e-01 1.482122677221748251e-02
2.092047870000000032e-01 1.475898286362424712e-02
2.094869239999999910e-01 1.469711737346252045e-02
2.097690610000000067e-01 1.463562712563538232e-02
2.100511979999999945e-01 1.457450948949042847e-02
2.103333360000000096e-01 1.451376104890940780e-02
2.106154729999999975e-01 1.445337767829260600e-02
2.108976100000000131e-01 1.439335550557429948e-02
2.111797480000000005e-01 1.433370194647448290e-02
2.114618849999999883e-01 1.427443162082936423e-02
2.117440220000000040e-01 1.421554555346966550e-02
2.120261589999999918e-01 1.415701740770725775e-02
2.123082970000000069e-01 1.409882104920674208e-02
2.125904339999999948e-01 1.404096637461912066e-02
2.128725710000000104e-01 1.398348136857608358e-02
2.131547079999999983e-01 1.392638091049773659e-02
2.134368460000000134e-01 1.386965400306573379e-02
2.137189830000000013e-01 1.381328665017958132e-02
2.140011199999999891e-01 1.375725848838016928e-02
2.142832580000000042e-01 1.370154662062886969e-02
2.145653949999999921e-01 1.364614661539781566e-02
2.148475320000000077e-01 1.359108417595861033e-02
2.151296689999999956e-01 1.353638435601462776e-02
2.154118070000000107e-01 1.348204463784058102e-02
2.156939439999999986e-01 1.342805140684751736e-02
2.159760809999999864e-01 1.337439773574084292e-02
2.162582180000000021e-01 1.332108823366078519e-02
2.165403559999999894e-01 1.326812465383922328e-02
2.168224930000000050e-01 1.321548644663235808e-02
2.171046299999999929e-01 1.316314420418007031e-02
2.173867680000000080e-01 1.311109409646358040e-02
2.176689049999999959e-01 1.305936874674854843e-02
2.179510420000000115e-01 1.300799663404193958e-02
2.182331789999999994e-01 1.295697140185715461e-02
2.185153169999999867e-01 1.290627455124513344e-02
2.187974540000000023e-01 1.285589469325108813e-02
2.190795909999999902e-01 1.280582825669675413e-02
2.193617280000000058e-01 1.275607281219856733e-02
2.196438659999999932e-01 1.270662785476334503e-02
2.199260030000000088e-01 1.265749422073092142e-02
2.202081399999999967e-01 1.260867716614802458e-02
2.204902780000000118e-01 1.256018763676834162e-02
2.207724149999999996e-01 1.251202921085690575e-02
2.210545519999999875e-01 1.246416859613456302e-02
2.213366890000000031e-01 1.241656448594395494e-02
2.216188269999999905e-01 1.236922218644439728e-02
2.219009640000000061e-01 1.232219621611298395e-02
2.221831009999999940e-01 1.227552514653413099e-02
2.224652380000000096e-01 1.222917757610661807e-02
2.227473759999999969e-01 1.218310598046289626e-02
2.230295130000000126e-01 1.213729226789528673e-02
2.233116500000000004e-01 1.209174515766072572e-02
2.235937869999999883e-01 1.204647948665221908e-02
2.238759250000000034e-01 1.200152720890434489e-02
2.241580619999999913e-01 1.195692156603537538e-02
2.244401990000000069e-01 1.191264244286974021e-02
2.247223369999999942e-01 1.186862455950795509e-02
2.250044740000000099e-01 1.182482403996860769e-02
2.252866109999999977e-01 1.178126725803049953e-02
2.255687480000000134e-01 1.173799360776568365e-02
2.258508860000000007e-01 1.169502628542550687e-02
2.261330229999999886e-01 1.165237651363933494e-02
2.264151600000000042e-01 1.161003991807316865e-02
2.266972969999999921e-01 1.156797039095414439e-02
2.269794350000000072e-01 1.152611851173122350e-02
2.272615719999999950e-01 1.148448979008750460e-02
2.275437090000000107e-01 1.144312738890633681e-02
2.278258469999999980e-01 1.140205906354483864e-02
2.281079840000000136e-01 1.136127195693101104e-02
2.283901210000000015e-01 1.132074789859430046e-02
2.286722579999999894e-01 1.128048618274024410e-02
2.289543960000000045e-01 1.124049688235887780e-02
2.292365329999999923e-01 1.120078150811103061e-02
2.295186700000000080e-01 1.116132029168754800e-02
2.298008069999999958e-01 1.112209360872080423e-02
2.300829450000000109e-01 1.108311032408809682e-02
2.303650819999999988e-01 1.104439595976730755e-02
2.306472189999999867e-01 1.100595860001773660e-02
2.309293570000000018e-01 1.096777107356797405e-02
2.312114939999999896e-01 1.092980549728497265e-02
2.314936310000000053e-01 1.089206147210041928e-02
2.317757679999999931e-01 1.085455305904842183e-02
2.320579060000000082e-01 1.081728922855923480e-02
2.323400429999999961e-01 1.078026997341663233e-02
2.326221800000000117e-01 1.074349372790445699e-02
2.329043169999999996e-01 1.070695790354245919e-02
2.331864549999999869e-01 1.067065934795421306e-02
2.334685920000000026e-01 1.063460267677487393e-02
2.337507289999999904e-01 1.059880442183927171e-02
2.340328670000000055e-01 1.056327643583491668e-02
2.343150039999999934e-01 1.052799108863163198e-02
2.345971410000000090e-01 1.049290425188737289e-02
2.348792779999999969e-01 1.045800022654037355e-02
2.351614160000000120e-01 1.042330587470289248e-02
2.354435529999999999e-01 1.038884876521302403e-02
2.357256899999999877e-01 1.035463678893541739e-02
2.360078270000000034e-01 1.032067051873958308e-02
2.362899649999999907e-01 1.028694122796936818e-02
2.365721020000000063e-01 1.025342806748646279e-02
2.368542389999999942e-01 1.022011309533812050e-02
2.371363770000000093e-01 1.018700079585835479e-02
2.374185139999999972e-01 1.015410329811915376e-02
2.377006510000000128e-01 1.012142448796767361e-02
2.379827880000000007e-01 1.008895863891847572e-02
2.382649259999999880e-01 1.005670100765056717e-02
2.385470630000000036e-01 1.002465534679300094e-02
2.388291999999999915e-01 9.992827122950799848e-03
2.391113370000000071e-01 9.961210940565826469e-03
2.393934749999999945e-01 9.929789042932662263e-03
2.396756120000000101e-01 9.898549636338451960e-03
2.399577489999999980e-01 9.867507485723866698e-03
2.402398870000000131e-01 9.836683745543785273e-03
2.405220240000000009e-01 9.806080698299041859e-03
2.408041609999999888e-01 9.775680889766335396e-03
2.410862980000000044e-01 9.745471118962401036e-03
2.413684359999999918e-01 9.715457226723333076e-03
2.416505730000000074e-01 9.685649258467664974e-03
2.419327099999999953e-01 9.656043257560829873e-03
2.422148470000000109e-01 9.626622844606552709e-03
2.424969849999999982e-01 9.597374302324011841e-03
2.427791220000000139e-01 9.568295254032826991e-03
2.430612590000000017e-01 9.539386451344613119e-03
2.433433959999999896e-01 9.510666972846738149e-03
2.436255340000000047e-01 9.482170899935887798e-03
2.439076709999999926e-01 9.453914301110720453e-03
2.441898080000000082e-01 9.425855591793406291e-03
2.444719459999999955e-01 9.397945356462884814e-03
2.447540830000000112e-01 9.370178869777595274e-03
2.450362199999999990e-01 9.342584426809574794e-03
2.453183569999999869e-01 9.315181281697594573e-03
2.456004950000000020e-01 9.287961372509909164e-03
2.458826319999999899e-01 9.260913040065561069e-03
2.461647690000000055e-01 9.234033396601533730e-03
2.464469059999999934e-01 9.207325802703643716e-03
2.467290440000000085e-01 9.180792615160549355e-03
2.470111809999999963e-01 9.154433951265835215e-03
2.472933180000000120e-01 9.128249789029580993e-03
2.475754559999999993e-01 9.102245795403756876e-03
2.478575929999999872e-01 9.076431339752397479e-03
2.481397300000000028e-01 9.050802579812505452e-03
2.484218669999999907e-01 9.025327129692208017e-03
2.487040050000000058e-01 8.999972637048716043e-03
2.489861419999999936e-01 8.974744631590198321e-03
2.492682790000000093e-01 8.949669182752592947e-03
2.495504159999999971e-01 8.924768219696593841e-03
2.498325540000000122e-01 8.900054746686215587e-03
2.501146910000000001e-01 8.875537004409114750e-03
2.503968280000000157e-01 8.851189541356154974e-03
2.506789660000000031e-01 8.826970487988786487e-03
2.509611030000000187e-01 8.802863723240083454e-03
2.512432399999999788e-01 8.778898712397367049e-03
2.515253769999999944e-01 8.755105907555177716e-03
2.518075149999999818e-01 8.731487047288901543e-03
2.520896519999999974e-01 8.708031272418991636e-03
2.523717890000000130e-01 8.684729074129224000e-03
2.526539259999999731e-01 8.661573715359844813e-03
2.529360640000000160e-01 8.638558093148000772e-03
2.532182009999999761e-01 8.615671869190736840e-03
2.535003379999999917e-01 8.592903433797899337e-03
2.537824759999999791e-01 8.570260669047662441e-03
2.540646129999999947e-01 8.547780168114830698e-03
2.543467500000000103e-01 8.525491349052434151e-03
2.546288870000000260e-01 8.503369980172485049e-03
2.549110250000000133e-01 8.481372842592963326e-03
2.551931619999999734e-01 8.459479571059786915e-03
2.554752989999999890e-01 8.437699489579363055e-03
2.557574360000000047e-01 8.416043904878238099e-03
2.560395739999999920e-01 8.394523283481124948e-03
2.563217110000000076e-01 8.373147867361039817e-03
2.566038480000000233e-01 8.351920994096219061e-03
2.568859860000000106e-01 8.330838018616525120e-03
2.571681230000000262e-01 8.309892436096796842e-03
2.574502599999999863e-01 8.289070023611289084e-03
2.577323970000000020e-01 8.268355201247525391e-03
2.580145349999999893e-01 8.247752103431474011e-03
2.582966720000000049e-01 8.227286521224530871e-03
2.585788090000000206e-01 8.206978893929232910e-03
2.588609459999999807e-01 8.186824024631025182e-03
2.591430840000000235e-01 8.166809438547193919e-03
2.594252209999999836e-01 8.146910661391400243e-03
2.597073579999999993e-01 8.127091020716226827e-03
2.599894950000000149e-01 8.107332007156181977e-03
2.602716330000000022e-01 8.087683823594496446e-03
2.605537700000000179e-01 8.068209528166610939e-03
2.608359069999999780e-01 8.048910890206088797e-03
2.611180450000000208e-01 8.029735381617431750e-03
2.614001819999999809e-01 8.010643400740933076e-03
2.616823189999999966e-01 7.991643426839759382e-03
2.619644560000000122e-01 7.972752893490761897e-03
2.622465939999999995e-01 7.953971991596628377e-03
2.625287310000000152e-01 7.935287290286752171e-03
2.628108679999999753e-01 7.916694446048991307e-03
2.630930049999999909e-01 7.898217787525101466e-03
2.633751429999999782e-01 7.879884913776846050e-03
2.636572799999999939e-01 7.861697081807540732e-03
2.639394170000000095e-01 7.843636016597365160e-03
2.642215549999999968e-01 7.825683487694736970e-03
2.645036920000000125e-01 7.807822729102481367e-03
2.647858289999999726e-01 7.790038604563787918e-03
2.650679659999999882e-01 7.772335338875310633e-03
2.653501039999999755e-01 7.754729800621748721e-03
2.656322409999999912e-01 7.737235861814274751e-03
2.659143780000000068e-01 7.719859108690443721e-03
2.661965150000000224e-01 7.702602650611979455e-03
2.664786530000000098e-01 7.685455297804360056e-03
2.667607900000000254e-01 7.668397624863767040e-03
2.670429269999999855e-01 7.651420533571728390e-03
2.673250649999999728e-01 7.634537622396983178e-03
2.676072019999999885e-01 7.617763305592177049e-03
2.678893390000000041e-01 7.601090866394922402e-03
2.681714760000000197e-01 7.584502464732648976e-03
2.684536140000000071e-01 7.567988756932921175e-03
2.687357510000000227e-01 7.551557244183281642e-03
2.690178879999999828e-01 7.535218429389129065e-03
2.693000249999999984e-01 7.518993252898962913e-03
2.695821629999999858e-01 7.502907215634846416e-03
2.698643000000000014e-01 7.486952129752467294e-03
2.701464370000000170e-01 7.471060811880215688e-03
2.704285750000000044e-01 7.455174149816269809e-03
2.707107120000000200e-01 7.439332952845095250e-03
2.709928489999999801e-01 7.423620428275989891e-03
2.712749859999999957e-01 7.408065548133521347e-03
2.715571239999999831e-01 7.392611845495111744e-03
2.718392609999999987e-01 7.377206870442192151e-03
2.721213980000000143e-01 7.361869809902792453e-03
2.724035349999999744e-01 7.346647079427924727e-03
2.726856730000000173e-01 7.331541667374193681e-03
2.729678099999999774e-01 7.316495158749022724e-03
2.732499469999999930e-01 7.301459694846457876e-03
2.735320849999999804e-01 7.286474326815819448e-03
2.738142219999999960e-01 7.271607368487423978e-03
2.740963590000000116e-01 7.256875234741442734e-03
2.743784960000000273e-01 7.242227997819821080e-03
2.746606340000000146e-01 7.227622960212336245e-03
2.749427709999999747e-01 7.213076109860195283e-03
2.752249079999999903e-01 7.198620825664022588e-03
2.755070450000000060e-01 7.184265466963439713e-03
2.757891829999999933e-01 7.169989221610949953e-03
2.760713200000000089e-01 7.155774540725285890e-03
2.763534570000000246e-01 7.141625018963974024e-03
2.766355939999999847e-01 7.127550036781833513e-03
2.769177320000000275e-01 7.113552970468561831e-03
2.771998689999999876e-01 7.099631081365378321e-03
2.774820060000000033e-01 7.085783142097957545e-03
2.777641439999999906e-01 7.072015768491863100e-03
2.780462810000000062e-01 7.058336730263194657e-03
2.783284180000000219e-01 7.044733474245327975e-03
2.786105549999999820e-01 7.031174271750526006e-03
2.788926930000000248e-01 7.017639986011061856e-03
2.791748299999999849e-01 7.004159554453355876e-03
2.794569670000000006e-01 6.990770777915908223e-03
2.800212420000000035e-01 6.964271574600395219e-03
2.803033790000000192e-01 6.951126461189895481e-03
2.805855159999999793e-01 6.938041942376422383e-03
2.808676540000000221e-01 6.925016532091551359e-03
2.811497909999999822e-01 6.912047179596721332e-03
2.814319279999999979e-01 6.899129369870775005e-03
2.817140650000000135e-01 6.886263583277087326e-03
2.819962030000000008e-01 6.873464505986951259e-03
2.822783400000000165e-01 6.860747707941619762e-03
2.825604769999999766e-01 6.848105068866323399e-03
2.828426139999999922e-01 6.835511884775492299e-03
2.831247519999999795e-01 6.822955360051124671e-03
2.834068889999999952e-01 6.810454366392179257e-03
2.836890260000000108e-01 6.798030443140784529e-03
2.839711639999999981e-01 6.785680100305564733e-03
2.842533010000000138e-01 6.773384001823473145e-03
2.845354379999999739e-01 6.761129155019358732e-03
2.848175749999999895e-01 6.748918111786610802e-03
2.850997129999999768e-01 6.736756498960158775e-03
2.853818499999999925e-01 6.724659565611043263e-03
2.856639870000000081e-01 6.712647793693245213e-03
2.859461240000000237e-01 6.700723286619861101e-03
2.865103990000000267e-01 6.676991556710145173e-03
2.867925359999999868e-01 6.665156395277906966e-03
2.870746739999999741e-01 6.653375034448165241e-03
2.873568109999999898e-01 6.641666980161604721e-03
2.876389480000000054e-01 6.630030147858805359e-03
2.882032230000000084e-01 6.606937323307898909e-03
2.884853600000000240e-01 6.595445414343251676e-03
2.887674969999999841e-01 6.583981420665791298e-03
2.890496339999999997e-01 6.572574942511751235e-03
2.893317719999999871e-01 6.561252619213100989e-03
2.896139090000000027e-01 6.550000342324169278e-03
2.898960460000000183e-01 6.538786921060373361e-03
2.901781840000000057e-01 6.527596965462624870e-03
2.904603210000000213e-01 6.516439325885495411e-03
2.907424579999999814e-01 6.505323831899960732e-03
2.910245949999999970e-01 6.494254693412527570e-03
2.913067329999999844e-01 6.483233980030533861e-03
2.915888700000000000e-01 6.472265714754419329e-03
2.918710070000000156e-01 6.461356334477704778e-03
2.921531439999999757e-01 6.450508992798417024e-03
2.924352820000000186e-01 6.439707680545664337e-03
2.927174189999999787e-01 6.428930553915942862e-03
2.929995559999999943e-01 6.418174707656550126e-03
2.932816939999999817e-01 6.407460962254632117e-03
2.938459680000000129e-01 6.386201791458256775e-03
2.944102430000000159e-01 6.365090362383620838e-03
2.946923799999999760e-01 6.354593948044399455e-03
2.949745169999999916e-01 6.344153779168755503e-03
2.952566540000000073e-01 6.333775756381411319e-03
2.955387919999999946e-01 6.323463292593907957e-03
2.958209290000000102e-01 6.313203300875399986e-03
2.961030660000000259e-01 6.302965623428261055e-03
2.963852029999999860e-01 6.292730068156430004e-03
2.966673409999999733e-01 6.282517808878839392e-03
2.969494779999999889e-01 6.272358729757770285e-03
2.972316150000000046e-01 6.262254191559093325e-03
2.975137529999999919e-01 6.252179270765029391e-03
2.977958900000000075e-01 6.242119608546012159e-03
2.980780270000000232e-01 6.232100307446872614e-03
2.983601639999999833e-01 6.222152727818090409e-03
2.986423020000000261e-01 6.212268593819732926e-03
2.989244389999999862e-01 6.202406561305223373e-03
2.994887130000000175e-01 6.182685430060485751e-03
2.997708510000000048e-01 6.172872488380811741e-03
3.000529880000000205e-01 6.163116944043286853e-03
3.003351249999999806e-01 6.153427175596100536e-03
3.006172630000000234e-01 6.143802680655850550e-03
3.011815369999999992e-01 6.124649282996862294e-03
3.014636740000000148e-01 6.115087327784143531e-03
3.020279490000000178e-01 6.096020067848294428e-03
3.023100859999999779e-01 6.086531550737865094e-03
3.025922229999999935e-01 6.077084204929012953e-03
3.028743609999999808e-01 6.067687345194444637e-03
3.034386350000000121e-01 6.049071941049614584e-03
3.037207729999999994e-01 6.039818390218451051e-03
3.040029100000000151e-01 6.030559113545516312e-03
3.042850469999999752e-01 6.021306911907575200e-03
3.045671839999999908e-01 6.012099163234042518e-03
3.048493219999999781e-01 6.002954133321884364e-03
3.051314589999999938e-01 5.993851356825891444e-03
3.054135960000000094e-01 5.984767578385602645e-03
3.056957330000000250e-01 5.975696127346665290e-03
3.059778710000000124e-01 5.966638697653158137e-03
3.062600079999999725e-01 5.957600828027806439e-03
3.065421449999999881e-01 5.948594624572112535e-03
3.068242829999999755e-01 5.939632077717070871e-03
3.073885570000000067e-01 5.921858700269505039e-03
3.076706940000000223e-01 5.913042992724349203e-03
3.082349690000000253e-01 5.895448159923126139e-03
3.085171059999999854e-01 5.886659560436213745e-03
3.090813809999999884e-01 5.869200589382702130e-03
3.093635180000000040e-01 5.860529425066153021e-03
3.096456550000000196e-01 5.851881686754819428e-03
3.099277930000000070e-01 5.843256450862920580e-03
3.102099300000000226e-01 5.834656853690920603e-03
3.104920669999999827e-01 5.826088075993213558e-03
3.107742039999999983e-01 5.817558172809779958e-03
3.110563419999999857e-01 5.809072661782495317e-03
3.121848910000000199e-01 5.775370251795489997e-03
3.124670279999999800e-01 5.766964009365634428e-03
3.130313020000000113e-01 5.750257636619694399e-03
3.135955770000000142e-01 5.733737101270692388e-03
3.138777139999999743e-01 5.725488553107283864e-03
3.141598520000000172e-01 5.717254224246666981e-03
3.144419889999999773e-01 5.709057420253585424e-03
3.147241259999999929e-01 5.700902233318034043e-03
3.152884009999999959e-01 5.684660486215032879e-03
3.155705380000000115e-01 5.676565491305426633e-03
3.158526750000000272e-01 5.668495372604697054e-03
3.164169499999999746e-01 5.652443941662393945e-03
3.166990869999999902e-01 5.644464777916869021e-03
3.169812240000000059e-01 5.636511622052336155e-03
3.172633619999999932e-01 5.628578469075406522e-03
3.175454990000000088e-01 5.620663058654933909e-03
3.181097729999999846e-01 5.604888305314929299e-03
3.183919110000000274e-01 5.597031401473235440e-03
3.189561850000000032e-01 5.581396106450220787e-03
3.195204600000000061e-01 5.565937971036749241e-03
3.198025970000000218e-01 5.558254621283236115e-03
3.200847339999999819e-01 5.550560203303096969e-03
3.203668720000000247e-01 5.542861586575696491e-03
3.206490089999999848e-01 5.535191385802848939e-03
3.212132830000000161e-01 5.519995376086265192e-03
3.214954210000000034e-01 5.512453333400758014e-03
3.217775580000000191e-01 5.504926417825841897e-03
3.220596949999999792e-01 5.497391028767570700e-03
3.223418319999999948e-01 5.489841440292283180e-03
3.229061069999999978e-01 5.474832396573226304e-03
3.231882440000000134e-01 5.467402017850235725e-03
3.234703820000000007e-01 5.459993755210506769e-03
3.237525190000000164e-01 5.452595851082263877e-03
3.240346559999999765e-01 5.445223843719629656e-03
3.248810679999999951e-01 5.423295517516392439e-03
3.254453420000000263e-01 5.408722439050654696e-03
3.262917539999999894e-01 5.387115337522568534e-03
3.268560289999999924e-01 5.372762322727520599e-03
3.271381660000000080e-01 5.365643395427550748e-03
3.274203030000000236e-01 5.358559921470389294e-03
3.277024410000000110e-01 5.351488662991944062e-03
3.279845780000000266e-01 5.344421424406821559e-03
3.282667149999999867e-01 5.337371412527434564e-03
3.291131270000000053e-01 5.316383636892155380e-03
3.296774020000000083e-01 5.302506617882301113e-03
