# q  I_recon
2.398167000000000094e-03 9.970007479837257325e-01
2.680304000000000107e-03 9.962555134310512317e-01
2.962441000000000119e-03 9.954283805368181470e-01
3.244579000000000039e-03 9.945196440457947373e-01
3.526716000000000052e-03 9.935296544638539951e-01
3.808853000000000065e-03 9.924587557550307304e-01
4.090990000000000078e-03 9.913072998470898733e-01
4.373128000000000432e-03 9.900756406050997827e-01
4.655264999999999577e-03 9.887642235161653304e-01
4.937401999999999590e-03 9.873735393224043477e-01
5.219539999999999944e-03 9.859040788063775373e-01
5.501676999999999956e-03 9.843563479342135603e-01
5.783813999999999969e-03 9.827308426494678617e-01
6.065950999999999982e-03 9.810281323118107411e-01
6.348089000000000336e-03 9.792488257321368961e-01
6.630226000000000348e-03 9.773935450214582543e-01
6.912363000000000361e-03 9.754628774808263847e-01
7.194500000000000374e-03 9.734574238670836710e-01
7.476637999999999860e-03 9.713778810267520436e-01
7.758774999999999873e-03 9.692250308264541703e-01
8.040912000000000753e-03 9.669996129048433753e-01
8.323050000000000240e-03 9.647023198152573364e-01
8.605187000000000253e-03 9.623338739520782559e-01
8.887324000000000265e-03 9.598950800808742079e-01
9.169461000000000278e-03 9.573868092266893948e-01
9.451598999999999764e-03 9.548098978888887034e-01
9.733735999999999777e-03 9.521651593188364959e-01
1.001587299999999979e-02 9.494533856776804503e-01
1.029800999999999980e-02 9.466754782939926782e-01
1.058014799999999929e-02 9.438323775880439470e-01
1.086228499999999930e-02 9.409250387467152921e-01
1.114442199999999931e-02 9.379543586445548975e-01
1.142656000000000054e-02 9.349212425379535008e-01
1.170869700000000055e-02 9.318267170969026791e-01
1.199083400000000056e-02 9.286718155343666181e-01
1.227297100000000057e-02 9.254575238775131218e-01
1.255510900000000006e-02 9.221847237616325188e-01
1.283724600000000007e-02 9.188543524560077724e-01
1.311938300000000009e-02 9.154675010380279865e-01
1.340152000000000010e-02 9.120253456230883460e-01
1.368365799999999959e-02 9.085289640182596660e-01
1.396579499999999960e-02 9.049793470557508934e-01
1.424793199999999961e-02 9.013774645294074794e-01
1.453007000000000083e-02 8.977244340721030058e-01
1.481220700000000084e-02 8.940214634007958017e-01
1.509434400000000086e-02 8.902696408715052856e-01
1.537648099999999914e-02 8.864699622670476620e-01
1.565861899999999862e-02 8.826234332374659486e-01
1.594075600000000037e-02 8.787312582302699848e-01
1.622289299999999865e-02 8.747946489405581394e-01
1.650503000000000040e-02 8.708147508472896536e-01
1.678716800000000162e-02 8.667926006888333479e-01
1.706930499999999989e-02 8.627292974069132869e-01
1.735144200000000164e-02 8.586260110499753795e-01
1.763357999999999939e-02 8.544839402165110842e-01
1.791571700000000114e-02 8.503042365543791448e-01
1.819785399999999942e-02 8.460879101352996035e-01
1.847999100000000117e-02 8.418360167941653094e-01
1.876212899999999892e-02 8.375497441996877512e-01
1.904426600000000067e-02 8.332303589716912873e-01
1.932640299999999894e-02 8.288789881984659491e-01
1.960854000000000069e-02 8.244966828284355786e-01
1.989067799999999844e-02 8.200845127245834920e-01
2.017281500000000019e-02 8.156437348715357416e-01
2.045495199999999847e-02 8.111755808008750401e-01
2.073708900000000022e-02 8.066811024579699785e-01
2.101922700000000144e-02 8.021611641029740003e-01
2.130136399999999972e-02 7.976167613408283730e-01
2.158350100000000146e-02 7.930491324995621039e-01
2.186563899999999921e-02 7.884595639887231888e-01
2.214777600000000096e-02 7.838492208446395937e-01
2.242991299999999924e-02 7.792190837999590780e-01
2.271205000000000099e-02 7.745701680249195142e-01
2.299418799999999874e-02 7.699035362526144288e-01
2.327632500000000049e-02 7.652203069958348758e-01
2.355846199999999876e-02 7.605214742858975585e-01
2.384059900000000051e-02 7.558079947781903840e-01
2.412273700000000173e-02 7.510808523278051929e-01
2.440487400000000001e-02 7.463411992509902948e-01
2.468701099999999829e-02 7.415901438074207208e-01
2.496914899999999951e-02 7.368286420374718926e-01
2.525128600000000126e-02 7.320576017265554292e-01
2.553342299999999954e-02 7.272779336763164348e-01
2.581556000000000128e-02 7.224906954873454579e-01
2.609769799999999904e-02 7.176969311106798921e-01
2.637983500000000078e-02 7.128975780998955125e-01
2.666197199999999906e-02 7.080934307102835223e-01
2.694410900000000081e-02 7.032853549665954995e-01
2.722624699999999856e-02 6.984743180694432674e-01
2.750838400000000031e-02 6.936613405038163371e-01
2.779052099999999859e-02 6.888472750205668627e-01
2.807265899999999981e-02 6.840329127764634976e-01
2.835479600000000155e-02 6.792191353760723693e-01
2.863693299999999983e-02 6.744068489965792113e-01
2.891907000000000158e-02 6.695969622778062957e-01
2.920120799999999933e-02 6.647901826719221363e-01
2.948334500000000108e-02 6.599871818752842678e-01
2.976548199999999936e-02 6.551886825134863868e-01
3.004761900000000110e-02 6.503956003377465711e-01
3.032975699999999886e-02 6.456088250284456320e-01
3.061189400000000060e-02 6.408291104377283887e-01
3.089403099999999888e-02 6.360570798529284753e-01
3.117616900000000010e-02 6.312933999317560385e-01
3.145830599999999838e-02 6.265388555209778776e-01
3.174044300000000013e-02 6.217941683391943197e-01
3.202258000000000188e-02 6.170599625169315150e-01
3.230471800000000310e-02 6.123368025173989704e-01
3.258685499999999791e-02 6.076253634697691419e-01
3.286899199999999965e-02 6.029263551461113702e-01
3.315112900000000140e-02 5.982404843423557717e-01
3.343326700000000262e-02 5.935682959128314451e-01
3.371540399999999743e-02 5.889103355934643957e-01
3.399754099999999918e-02 5.842671582712221090e-01
3.427967900000000040e-02 5.796393937677453145e-01
3.456181600000000215e-02 5.750276890200103352e-01
3.484395299999999696e-02 5.704324584919386876e-01
3.512608999999999870e-02 5.658540802544254067e-01
3.540822799999999992e-02 5.612930351187132016e-01
3.569036500000000167e-02 5.567499889325558948e-01
3.597250200000000342e-02 5.522255209529353115e-01
3.625463899999999823e-02 5.477200245962686731e-01
3.653677699999999945e-02 5.432338256890691941e-01
3.681891400000000120e-02 5.387674022628068382e-01
3.710105100000000294e-02 5.343212933814686094e-01
3.738318799999999775e-02 5.298960000239972823e-01
3.766532599999999897e-02 5.254917738468352084e-01
3.794746300000000072e-02 5.211088627282646213e-01
3.822960000000000247e-02 5.167476172385808697e-01
3.851173799999999675e-02 5.124085292263069746e-01
3.879387499999999850e-02 5.080920935923933790e-01
3.907601200000000025e-02 5.037985876263274543e-01
3.935814900000000199e-02 4.995282689834366630e-01
3.964028700000000321e-02 4.952814290239651585e-01
3.992242399999999802e-02 4.910584458029495503e-01
4.020456099999999977e-02 4.868596216914125585e-01
4.048669800000000152e-02 4.826851737308197610e-01
4.076883600000000274e-02 4.785352892860758600e-01
4.105097299999999755e-02 4.744102713425073503e-01
4.133310999999999930e-02 4.703104339528861866e-01
4.161524800000000052e-02 4.662360401666905685e-01
4.189738500000000226e-02 4.621872471786711567e-01
4.217952199999999707e-02 4.581641520690563629e-01
4.246165899999999882e-02 4.541669886667386025e-01
4.274379700000000004e-02 4.501960621249544992e-01
4.302593400000000179e-02 4.462516540387864161e-01
4.330807099999999660e-02 4.423338328071239056e-01
4.359020799999999835e-02 4.384426616267786403e-01
4.387234599999999957e-02 4.345782729319266902e-01
4.415448300000000131e-02 4.307408924799197014e-01
4.443662000000000306e-02 4.269306748295638720e-01
4.471875799999999734e-02 4.231477046650118923e-01
4.500089499999999909e-02 4.193921035959458643e-01
4.528303200000000084e-02 4.156640169909290305e-01
4.556516900000000259e-02 4.119636395382820226e-01
4.584730699999999687e-02 4.082910499472697241e-01
4.612944399999999862e-02 4.046461542222783425e-01
4.641158100000000036e-02 4.010288242297130878e-01
4.669371800000000211e-02 3.974392136173563461e-01
4.697585600000000333e-02 3.938776005800787017e-01
4.725799299999999814e-02 3.903441740406729532e-01
4.754012999999999989e-02 3.868388484721893006e-01
4.782226800000000111e-02 3.833615270091587646e-01
4.810440500000000286e-02 3.799122555491341591e-01
4.838654199999999767e-02 3.764910914228761785e-01
4.866867899999999941e-02 3.730980587515361768e-01
4.895081700000000063e-02 3.697330934535178470e-01
4.923295400000000238e-02 3.663961729436799875e-01
4.951509099999999719e-02 3.630873272527022078e-01
4.979722799999999894e-02 3.598066338725121049e-01
5.007936600000000016e-02 3.565540820011507406e-01
5.036150300000000191e-02 3.533295796517099130e-01
5.064363999999999671e-02 3.501330119554199594e-01
5.092577799999999794e-02 3.469643933311333805e-01
5.120791499999999968e-02 3.438238176082026865e-01
5.149005200000000143e-02 3.407112388918125401e-01
5.177218900000000318e-02 3.376264782771756789e-01
5.205432699999999746e-02 3.345693629941409730e-01
5.233646399999999921e-02 3.315398994675082811e-01
5.261860100000000096e-02 3.285381082960943666e-01
5.290073800000000270e-02 3.255639363500618666e-01
5.318287599999999699e-02 3.226172158706693271e-01
5.346501299999999873e-02 3.196978286668955005e-01
5.374715000000000048e-02 3.168057437552670996e-01
5.402928800000000170e-02 3.139409616396504621e-01
5.431142500000000345e-02 3.111033878217929760e-01
5.459356199999999826e-02 3.082927574307172125e-01
5.487569900000000001e-02 3.055088541550368131e-01
5.515783700000000123e-02 3.027516477139954865e-01
5.543997400000000297e-02 3.000211857613085398e-01
5.572211099999999778e-02 2.973173989747021073e-01
5.600424799999999953e-02 2.946401393491280274e-01
5.628638600000000075e-02 2.919892403888559307e-01
5.656852300000000250e-02 2.893645437686420130e-01
5.685065999999999731e-02 2.867658600232834698e-01
5.713279699999999905e-02 2.841930458877431898e-01
5.741493500000000028e-02 2.816459827523800641e-01
5.769707200000000202e-02 2.791245827221627285e-01
5.797920899999999683e-02 2.766287390962710036e-01
5.826134699999999805e-02 2.741583421755020566e-01
5.854348399999999980e-02 2.717132223829040183e-01
5.882562100000000155e-02 2.692931124987886782e-01
5.910775800000000330e-02 2.668978033388957893e-01
5.938989599999999758e-02 2.645272342263148002e-01
5.967203299999999933e-02 2.621813892155590575e-01
5.995417000000000107e-02 2.598600794120405899e-01
6.023630700000000282e-02 2.575630136444541640e-01
6.051844499999999710e-02 2.552899530517039328e-01
6.080058199999999885e-02 2.530408551430186614e-01
6.108271900000000060e-02 2.508156691036385610e-01
6.136485700000000182e-02 2.486141789736368846e-01
6.164699399999999663e-02 2.464360801195612238e-01
6.192913099999999837e-02 2.442811372040221696e-01
6.221126800000000012e-02 2.421493553932169696e-01
6.249340600000000134e-02 2.400407392149664920e-01
6.277554300000000309e-02 2.379550090368313942e-01
6.305768000000000484e-02 2.358916756018093752e-01
6.333981700000000659e-02 2.338504299632636063e-01
6.362195499999999393e-02 2.318313428271022714e-01
6.390409199999999568e-02 2.298345246516364515e-01
6.418622899999999742e-02 2.278597476018225376e-01
6.446836699999999865e-02 2.259066095926036410e-01
6.475050400000000039e-02 2.239748395474681908e-01
6.503264100000000214e-02 2.220643680282819721e-01
6.531477800000000389e-02 2.201751399844824875e-01
6.559691600000000511e-02 2.183069362222347931e-01
6.587905300000000686e-02 2.164594793315364474e-01
6.616118999999999473e-02 2.146325269967471472e-01
6.644332699999999647e-02 2.128259429528283619e-01
6.672546499999999770e-02 2.110395873485890750e-01
6.700760199999999944e-02 2.092732829543632322e-01
6.728973900000000119e-02 2.075268085106908855e-01
6.757187700000000241e-02 2.057999638589119162e-01
6.785401400000000416e-02 2.040926009779938377e-01
6.813615100000000591e-02 2.024045494309758830e-01
6.841828799999999378e-02 2.007355983256757237e-01
6.870042599999999500e-02 1.990855128663031048e-01
6.898256299999999674e-02 1.974541130609314965e-01
6.926469999999999849e-02 1.958412558406254222e-01
6.954683700000000024e-02 1.942467944002219948e-01
6.982897500000000146e-02 1.926704949919496312e-01
7.011111200000000321e-02 1.911121126077214571e-01
7.039324900000000496e-02 1.895714451034145875e-01
7.067538700000000618e-02 1.880483694065185341e-01
7.095752399999999405e-02 1.865427643554553594e-01
7.123966099999999579e-02 1.850543903307991511e-01
7.152179799999999754e-02 1.835829823178617148e-01
7.180393599999999876e-02 1.821283453937535546e-01
7.208607300000000051e-02 1.806903900034856625e-01
7.236821000000000226e-02 1.792689937474090112e-01
7.265034700000000401e-02 1.778639344071692996e-01
7.293248500000000523e-02 1.764749568519599354e-01
7.321462199999999310e-02 1.751018849667262400e-01
7.349675899999999484e-02 1.737445974291801642e-01
7.377889599999999659e-02 1.724029580189613553e-01
7.406103399999999781e-02 1.710767292682218998e-01
7.434317099999999956e-02 1.697656666787988877e-01
7.462530800000000131e-02 1.684695979373571351e-01
7.490744600000000253e-02 1.671884355945378875e-01
7.518958300000000428e-02 1.659220684654201527e-01
7.547172000000000602e-02 1.646702206165480409e-01
7.575385699999999389e-02 1.634325943865334585e-01
7.603599499999999511e-02 1.622090491593752848e-01
7.631813199999999686e-02 1.609996006383757339e-01
7.660026899999999861e-02 1.598041744984697032e-01
7.688240600000000036e-02 1.586224301403682813e-01
7.716454400000000158e-02 1.574539821846679677e-01
7.744668100000000333e-02 1.562986994508144545e-01
7.772881800000000507e-02 1.551566327770969589e-01
7.801095600000000629e-02 1.540277513325727377e-01
7.829309299999999416e-02 1.529117782787081936e-01
7.857522999999999591e-02 1.518083893722491917e-01
7.885736699999999766e-02 1.507174298829525583e-01
7.913950499999999888e-02 1.496388616764961488e-01
7.942164200000000063e-02 1.485726020388102309e-01
7.970377900000000237e-02 1.475184013336228728e-01
7.998591600000000412e-02 1.464759975580045837e-01
8.026805400000000534e-02 1.454452350458395882e-01
8.055019099999999321e-02 1.444260413973907364e-01
8.083232799999999496e-02 1.434183070605005439e-01
8.111446599999999618e-02 1.424218574733873699e-01
8.139660299999999793e-02 1.414365227986693341e-01
8.167873999999999968e-02 1.404621602818305059e-01
8.196087700000000142e-02 1.394986530283184867e-01
8.224301500000000265e-02 1.385458597746908327e-01
8.252515200000000439e-02 1.376036038776204673e-01
8.280728900000000614e-02 1.366716981147244880e-01
8.308942599999999401e-02 1.357500083208982022e-01
8.337156399999999523e-02 1.348384236912010259e-01
8.365370099999999698e-02 1.339368328086264492e-01
8.393583799999999873e-02 1.330450942754209664e-01
8.421797599999999995e-02 1.321630648346483194e-01
8.450011300000000170e-02 1.312906130288644946e-01
8.478225000000000344e-02 1.304275991202833440e-01
8.506438700000000519e-02 1.295738811706788896e-01
8.534652500000000641e-02 1.287293049831226277e-01
8.562866199999999428e-02 1.278937318035830439e-01
8.591079899999999603e-02 1.270670668065704834e-01
8.619293599999999778e-02 1.262492405452632638e-01
8.647507399999999900e-02 1.254401397829255360e-01
8.675721100000000074e-02 1.246395955983981424e-01
8.703934800000000249e-02 1.238474340877398772e-01
8.732148600000000371e-02 1.230635400945377100e-01
8.760362300000000546e-02 1.222878293566490304e-01
8.788575999999999333e-02 1.215201931096098337e-01
8.816789699999999508e-02 1.207605024314512970e-01
8.845003499999999630e-02 1.200086271204480054e-01
8.873217199999999805e-02 1.192644625148229359e-01
8.901430899999999979e-02 1.185279020213654971e-01
8.929644600000000154e-02 1.177988388938158854e-01
8.957858400000000276e-02 1.170771602035137887e-01
8.986072100000000451e-02 1.163627654444640003e-01
9.014285800000000626e-02 1.156555715602333306e-01
9.042499499999999413e-02 1.149555044021255551e-01
9.070713299999999535e-02 1.142624401994444677e-01
9.098926999999999710e-02 1.135762077902746220e-01
9.127140699999999884e-02 1.128966462493037753e-01
9.155354500000000006e-02 1.122236874987445621e-01
9.183568200000000181e-02 1.115572955409657729e-01
9.211781900000000356e-02 1.108974007645558285e-01
9.239995600000000531e-02 1.102439081564027257e-01
9.268209400000000653e-02 1.095967153718692688e-01
9.296423099999999440e-02 1.089557120142565366e-01
9.324636799999999615e-02 1.083207784593140238e-01
9.352850499999999789e-02 1.076918268569578285e-01
9.381064299999999911e-02 1.070687952186017006e-01
9.409278000000000086e-02 1.064516185774944251e-01
9.437491700000000261e-02 1.058401870780597553e-01
9.465705500000000383e-02 1.052343836456966775e-01
9.493919200000000558e-02 1.046341197752111707e-01
9.522132899999999345e-02 1.040393196070845683e-01
9.550346599999999520e-02 1.034499198020184252e-01
9.578560399999999642e-02 1.028658860452399265e-01
9.606774099999999816e-02 1.022871905351379201e-01
9.634987799999999991e-02 1.017137093808765519e-01
9.663201500000000166e-02 1.011452506421472580e-01
9.691415300000000288e-02 1.005816693375516657e-01
9.719629000000000463e-02 1.000229716286602372e-01
9.747842700000000637e-02 9.946917754371206732e-02
9.776056499999999372e-02 9.892022949399850718e-02
9.804270199999999547e-02 9.837602085599955748e-02
9.832483899999999721e-02 9.783645392680954955e-02
9.860697599999999896e-02 9.730147373058170568e-02
9.888911400000000018e-02 9.677102836976955724e-02
9.917125100000000193e-02 9.624505455187240544e-02
9.945338800000000368e-02 9.572347243478449008e-02
9.973552500000000542e-02 9.520619847952452308e-02
1.000176630000000066e-01 9.469313489838887543e-02
1.002997999999999945e-01 9.418419514991488439e-02
1.005819369999999963e-01 9.367936289046457921e-02
1.008640739999999980e-01 9.317866690571353916e-02
1.011462119999999992e-01 9.268207968711134059e-02
1.014283490000000010e-01 9.218946507228811815e-02
1.017104860000000027e-01 9.170067823263519657e-02
1.019926240000000039e-01 9.121566910952919049e-02
1.022747610000000057e-01 9.073444193563773297e-02
1.025568979999999936e-01 9.025697944063991451e-02
1.028390349999999953e-01 8.978323483287047047e-02
1.031211729999999965e-01 8.931315031017003636e-02
1.034033099999999983e-01 8.884662684684987988e-02
1.036854470000000000e-01 8.838353973886665937e-02
1.039675840000000018e-01 8.792384083151789931e-02
1.042497220000000030e-01 8.746760651578673607e-02
1.045318590000000047e-01 8.701490215369141190e-02
1.048139960000000065e-01 8.656559539186962915e-02
1.050961339999999938e-01 8.611947435474033574e-02
1.053782709999999956e-01 8.567642969737200576e-02
1.056604079999999973e-01 8.523649637456248707e-02
1.059425449999999991e-01 8.479971549876258452e-02
1.062246830000000003e-01 8.436607822277285285e-02
1.065068200000000020e-01 8.393556126679226070e-02
1.067889570000000038e-01 8.350810500546679283e-02
1.070710940000000055e-01 8.308360779486757830e-02
1.073532320000000068e-01 8.266197807525459129e-02
1.076353689999999946e-01 8.224320907982933526e-02
1.079175059999999964e-01 8.182731570080475914e-02
1.081996439999999976e-01 8.141427483313315450e-02
1.084817809999999993e-01 8.100402041369715589e-02
1.087639180000000011e-01 8.059648525190592216e-02
1.090460550000000028e-01 8.019163389209546522e-02
1.093281930000000041e-01 7.978943873211677418e-02
1.096103300000000058e-01 7.938987926467905298e-02
1.098924669999999937e-01 7.899293387915695686e-02
1.101746039999999954e-01 7.859857643786556658e-02
1.104567419999999967e-01 7.820675286631681433e-02
1.107388789999999984e-01 7.781740700677923506e-02
1.110210160000000001e-01 7.743050110947893860e-02
1.113031540000000014e-01 7.704602049983459711e-02
1.115852910000000031e-01 7.666395393554886750e-02
1.118674280000000049e-01 7.628427954374683573e-02
1.121495650000000066e-01 7.590697501857146534e-02
1.124317029999999940e-01 7.553201233091037803e-02
1.127138399999999957e-01 7.515936336737936985e-02
1.129959769999999974e-01 7.478898506522496659e-02
1.132781139999999992e-01 7.442079837345573490e-02
1.135602520000000004e-01 7.405471990494494339e-02
1.138423890000000022e-01 7.369075551512209443e-02
1.141245260000000039e-01 7.332897860742131069e-02
1.144066640000000051e-01 7.296942578880416530e-02
1.146888010000000069e-01 7.261201697483654627e-02
1.149709379999999947e-01 7.225664943453334599e-02
1.152530749999999965e-01 7.190328554135162753e-02
1.155352129999999977e-01 7.155193479998135653e-02
1.158173499999999995e-01 7.120260638132748510e-02
1.160994870000000012e-01 7.085529115457925298e-02
1.163816240000000030e-01 7.050997593136520969e-02
1.166637620000000042e-01 7.016661075209722209e-02
1.169458990000000059e-01 6.982512501960211337e-02
1.172280359999999938e-01 6.948547983632719083e-02
1.175101729999999955e-01 6.914772635868834949e-02
1.177923109999999968e-01 6.881191918557548470e-02
1.180744479999999985e-01 6.847801842339260037e-02
1.183565850000000003e-01 6.814591996289072473e-02
1.186387230000000015e-01 6.781554835698659633e-02
1.189208600000000032e-01 6.748689748074859773e-02
1.192029970000000050e-01 6.715996865531266569e-02
1.194851340000000067e-01 6.683478438032958158e-02
1.197672719999999941e-01 6.651137699246600921e-02
1.200494089999999958e-01 6.618975314771824436e-02
1.203315459999999976e-01 6.586985743653192560e-02
1.206136829999999993e-01 6.555163071737270253e-02
1.208958210000000005e-01 6.523503071411659859e-02
1.211779580000000023e-01 6.492002787625907045e-02
1.214600950000000040e-01 6.460661656788940777e-02
1.217422330000000052e-01 6.429484036269611513e-02
1.220243699999999931e-01 6.398473953369368528e-02
1.223065069999999949e-01 6.367626260456533960e-02
1.225886439999999966e-01 6.336931975647226711e-02
1.228707819999999978e-01 6.306386936112527708e-02
1.231529189999999996e-01 6.275995375113628538e-02
1.234350560000000013e-01 6.245760900255179632e-02
1.237171930000000031e-01 6.215680280593363638e-02
1.239993310000000043e-01 6.185747405489586820e-02
1.242814680000000060e-01 6.155959727674677889e-02
1.245636049999999939e-01 6.126319179141293675e-02
1.248457429999999951e-01 6.096827723774524144e-02
1.251278799999999969e-01 6.067485537111658861e-02
1.254100170000000125e-01 6.038291654664012381e-02
1.256921540000000004e-01 6.009242878118094267e-02
1.259742919999999877e-01 5.980332788975292746e-02
1.262564290000000033e-01 5.951556504430770278e-02
1.265385659999999912e-01 5.922916442798380893e-02
1.268207030000000068e-01 5.894417484341322316e-02
1.271028409999999942e-01 5.866059910745569789e-02
1.273849780000000098e-01 5.837838871306311184e-02
1.276671149999999977e-01 5.809749961460792395e-02
1.279492530000000128e-01 5.781793812441732988e-02
1.282313900000000007e-01 5.753972759602945380e-02
1.285135269999999885e-01 5.726286975686151193e-02
1.287956640000000041e-01 5.698734692774209271e-02
1.290778019999999915e-01 5.671313679261176521e-02
1.293599390000000071e-01 5.644020892951155666e-02
1.296420759999999950e-01 5.616852867434963398e-02
1.299242130000000106e-01 5.589809763462036396e-02
1.302063509999999980e-01 5.562895143612957283e-02
1.304884880000000136e-01 5.536111591984948371e-02
1.307706250000000014e-01 5.509456119551360553e-02
1.310527629999999888e-01 5.482924607956213281e-02
1.313349000000000044e-01 5.456515208401829797e-02
1.316170369999999923e-01 5.430227573694493270e-02
1.318991740000000079e-01 5.404061841825055779e-02
1.321813119999999953e-01 5.378019152814386000e-02
1.324634490000000109e-01 5.352100942421991747e-02
1.327455859999999987e-01 5.326304969553494889e-02
1.330277229999999866e-01 5.300626323475915447e-02
1.333098610000000017e-01 5.275061337162297720e-02
1.335919979999999896e-01 5.249610838687922276e-02
1.338741350000000052e-01 5.224276280750078660e-02
1.341562719999999931e-01 5.199060768819104006e-02
1.344384100000000082e-01 5.173968461954030207e-02
1.347205469999999961e-01 5.148999879831563098e-02
1.350026840000000117e-01 5.124144754358860021e-02
1.352848219999999990e-01 5.099392171696954384e-02
1.355669589999999869e-01 5.074744740804137261e-02
1.358490960000000025e-01 5.050213613062878859e-02
1.361312329999999904e-01 5.025804908311334862e-02
1.364133710000000055e-01 5.001511987016619976e-02
1.366955079999999934e-01 4.977327190853617772e-02
1.369776450000000090e-01 4.953248802409378204e-02
1.372597819999999968e-01 4.929278917507474295e-02
1.375419200000000119e-01 4.905419509669468187e-02
1.378240569999999998e-01 4.881672614065367399e-02
1.381061939999999877e-01 4.858039389356928750e-02
1.383883320000000028e-01 4.834515447696774437e-02
1.386704689999999907e-01 4.811093679058221773e-02
1.389526060000000063e-01 4.787771353978578087e-02
1.392347429999999942e-01 4.764554884129851980e-02
1.395168810000000092e-01 4.741450569709036028e-02
1.397990179999999971e-01 4.718456192387355391e-02
1.400811550000000127e-01 4.695565046830794953e-02
1.403632920000000006e-01 4.672774302442509603e-02
1.406454299999999880e-01 4.650087746719915038e-02
1.409275670000000036e-01 4.627509385199872483e-02
1.412097039999999915e-01 4.605037914799160748e-02
1.414918420000000066e-01 4.582669808330496614e-02
1.417739789999999944e-01 4.560402002930608739e-02
1.420561160000000100e-01 4.538231571716667273e-02
1.423382529999999979e-01 4.516156641321587145e-02
1.426203910000000130e-01 4.494181301094440917e-02
1.429025280000000009e-01 4.472312154840514531e-02
1.431846649999999888e-01 4.450550405244456387e-02
1.434668020000000044e-01 4.428889931784742856e-02
1.437489399999999917e-01 4.407325262543917987e-02
1.440310770000000073e-01 4.385858544742830128e-02
1.443132139999999952e-01 4.364494187378714640e-02
1.445953520000000103e-01 4.343231703667661120e-02
1.448774889999999982e-01 4.322064488984796171e-02
1.451596260000000138e-01 4.300987220443762415e-02
1.454417630000000017e-01 4.280004464780445828e-02
1.457239009999999890e-01 4.259123621281277194e-02
1.460060380000000047e-01 4.238345894921937557e-02
1.462881749999999925e-01 4.217664746474476811e-02
1.465703120000000081e-01 4.197074672658764743e-02
1.468524499999999955e-01 4.176576403573504376e-02
1.471345870000000111e-01 4.156172612160591306e-02
1.474167239999999990e-01 4.135864160483228996e-02
1.476988619999999863e-01 4.115650220844838114e-02
1.479809990000000020e-01 4.095530169181794272e-02
1.482631359999999898e-01 4.075503451979721470e-02
1.485452730000000054e-01 4.055569695053725526e-02
1.488274109999999928e-01 4.035729210498313624e-02
1.491095480000000084e-01 4.015983248706131437e-02
1.493916849999999963e-01 3.996332122006741178e-02
1.496738220000000119e-01 3.976773479698805097e-02
1.499559599999999993e-01 3.957304415644710693e-02
1.502380969999999871e-01 3.937924604607006412e-02
1.505202340000000027e-01 3.918635582205916290e-02
1.508023719999999901e-01 3.899438201712007723e-02
1.510845090000000057e-01 3.880331089592208710e-02
1.513666459999999936e-01 3.861312271670081647e-02
1.516487830000000092e-01 3.842381291262334658e-02
1.519309209999999966e-01 3.823538768236862256e-02
1.522130580000000122e-01 3.804785421703475029e-02
1.524951950000000001e-01 3.786121388893806672e-02
1.527773319999999879e-01 3.767546819096403987e-02
1.530594700000000030e-01 3.749061978080472923e-02
1.533416069999999909e-01 3.730667454550806728e-02
1.536237440000000065e-01 3.712362114950588238e-02
1.539058809999999944e-01 3.694140934161295464e-02
1.541880190000000095e-01 3.675998842095417468e-02
1.544701559999999974e-01 3.657938538081664109e-02
1.547522930000000130e-01 3.639967405327522443e-02
1.550344310000000003e-01 3.622089270689834301e-02
1.553165679999999882e-01 3.604299690599410688e-02
1.555987050000000038e-01 3.586593253116295010e-02
1.558808419999999917e-01 3.568968894663343550e-02
1.561629800000000068e-01 3.551427983896182639e-02
1.564451169999999947e-01 3.533971425118226373e-02
1.567272540000000103e-01 3.516598510147561640e-02
1.570093909999999982e-01 3.499308526889804288e-02
1.572915290000000132e-01 3.482101709243756726e-02
1.575736660000000011e-01 3.464978995107679399e-02
1.578558029999999890e-01 3.447940226926982793e-02
1.581379410000000041e-01 3.430983520784545993e-02
1.584200779999999920e-01 3.414107296737819291e-02
1.587022150000000076e-01 3.397312277625132160e-02
1.589843519999999955e-01 3.380600400374079301e-02
1.592664900000000106e-01 3.363971771834114305e-02
1.595486269999999984e-01 3.347423653041391861e-02
1.598307639999999863e-01 3.330953410089262240e-02
1.601129010000000019e-01 3.314562486667387009e-02
1.603950389999999893e-01 3.298253932238865566e-02
1.606771760000000049e-01 3.282028112115286528e-02
1.609593129999999928e-01 3.265880821140965812e-02
1.612414510000000079e-01 3.249808323655166420e-02
1.615235879999999957e-01 3.233812270742376926e-02
1.618057250000000113e-01 3.217896088012996841e-02
1.620878619999999992e-01 3.202061005273924843e-02
1.623699999999999866e-01 3.186305063030179380e-02
1.626521370000000022e-01 3.170626687730940252e-02
1.629342739999999901e-01 3.155026617064143890e-02
1.632164110000000057e-01 3.139506409161930273e-02
1.634985489999999930e-01 3.124064487132256415e-02
1.637806860000000087e-01 3.108695566363378626e-02
1.640628229999999965e-01 3.093395849832271741e-02
1.643449610000000116e-01 3.078170868106252719e-02
1.646270979999999995e-01 3.063028895814600208e-02
1.649092349999999874e-01 3.047969884420488260e-02
1.651913720000000030e-01 3.032984552207147744e-02
1.654735099999999903e-01 3.018065663400247914e-02
1.657556470000000060e-01 3.003217551664678561e-02
1.660377839999999938e-01 2.988447298964621440e-02
1.663199210000000094e-01 2.973756714978804949e-02
1.666020589999999968e-01 2.959142068648747126e-02
1.668841960000000124e-01 2.944600113602184599e-02
1.671663330000000003e-01 2.930129722543501833e-02
1.674484709999999876e-01 2.915730396422038309e-02
1.677306080000000033e-01 2.901403236035750635e-02
1.680127449999999911e-01 2.887150539865545110e-02
1.682948820000000067e-01 2.872973634303766996e-02
1.685770199999999941e-01 2.858870040129149470e-02
1.688591570000000097e-01 2.844836710468833310e-02
1.691412939999999976e-01 2.830872218492737347e-02
1.694234310000000132e-01 2.816976684966977090e-02
1.697055690000000006e-01 2.803151136403217100e-02
1.699877059999999884e-01 2.789399579950255920e-02
1.702698430000000041e-01 2.775725910911511565e-02
1.705519799999999919e-01 2.762126409990981607e-02
1.708341180000000070e-01 2.748591447555315259e-02
1.711162549999999949e-01 2.735115948241036155e-02
1.713983920000000105e-01 2.721707438167346102e-02
1.716805299999999979e-01 2.708374867372345673e-02
1.719626670000000135e-01 2.695117230310742351e-02
1.722448040000000014e-01 2.681926394248513104e-02
1.725269409999999892e-01 2.668798001672975651e-02
1.728090790000000043e-01 2.655737344676005821e-02
1.730912159999999922e-01 2.642750607097313006e-02
1.733733530000000078e-01 2.629835549588466909e-02
1.736554899999999957e-01 2.616984809841585435e-02
1.739376280000000108e-01 2.604195043394774700e-02
1.742197649999999987e-01 2.591472370365886096e-02
1.745019019999999865e-01 2.578823145641231246e-02
1.747840400000000016e-01 2.566244878924753628e-02
1.750661769999999895e-01 2.553730237560999233e-02
1.753483140000000051e-01 2.541275447929540118e-02
1.756304509999999930e-01 2.528884379212876371e-02
1.759125890000000081e-01 2.516561158266408804e-02
1.761947259999999960e-01 2.504304731196298206e-02
1.764768630000000116e-01 2.492111234430948591e-02
1.767589999999999995e-01 2.479979763952351590e-02
1.770411379999999868e-01 2.467914737925409885e-02
1.773232750000000024e-01 2.455920254166290770e-02
1.776054119999999903e-01 2.443992532286735561e-02
1.778875500000000054e-01 2.432124301653328449e-02
1.781696869999999933e-01 2.420313163499355699e-02
1.784518240000000089e-01 2.408564446940922310e-02
1.787339609999999968e-01 2.396883153134309052e-02
1.790160990000000119e-01 2.385266810307564225e-02
1.792982359999999997e-01 2.373710080229076563e-02
1.795803729999999876e-01 2.362211653980998000e-02
1.798625100000000032e-01 2.350776464863244333e-02
1.801446479999999906e-01 2.339408629677675738e-02
1.804267850000000062e-01 2.328104719456703525e-02
1.807089219999999941e-01 2.316858460291974439e-02
1.809910600000000092e-01 2.305668420162029775e-02
1.812731969999999970e-01 2.294539815443433911e-02
1.815553340000000127e-01 2.283476957853956130e-02
1.818374710000000005e-01 2.272477560178347636e-02
1.821196089999999879e-01 2.261537165131343591e-02
1.824017460000000035e-01 2.250653806241244281e-02
1.826838829999999914e-01 2.239828298818032776e-02
1.829660200000000070e-01 2.229061541789581838e-02
1.832481579999999943e-01 2.218353773648963981e-02
1.835302950000000100e-01 2.207705162364535095e-02
1.838124319999999978e-01 2.197115771300806389e-02
1.840945700000000129e-01 2.186585675031867473e-02
1.843767070000000008e-01 2.176114699475479794e-02
1.846588439999999887e-01 2.165701028560719499e-02
1.849409810000000043e-01 2.155342603559361539e-02
1.852231189999999916e-01 2.145040209751914936e-02
1.855052560000000073e-01 2.134797624350268444e-02
1.857873929999999951e-01 2.124617003488095054e-02
1.860695300000000107e-01 2.114494348699744522e-02
1.863516679999999981e-01 2.104424366022559015e-02
1.866338050000000137e-01 2.094405817738838327e-02
1.869159420000000016e-01 2.084440939057270389e-02
1.871980799999999889e-01 2.074531890668878525e-02
1.874802170000000046e-01 2.064680246631462809e-02
1.877623539999999924e-01 2.054887240595694789e-02
1.880444910000000081e-01 2.045152671328331548e-02
1.883266289999999954e-01 2.035475096103055506e-02
1.886087660000000110e-01 2.025852629621450324e-02
1.888909029999999989e-01 2.016281744278820148e-02
1.891730399999999868e-01 2.006759012022265448e-02
1.894551780000000019e-01 1.997286006811702791e-02
1.897373149999999897e-01 1.987868142192856721e-02
1.900194520000000054e-01 1.978508704760517309e-02
1.903015889999999932e-01 1.969205293639190307e-02
1.905837270000000083e-01 1.959954682187632982e-02
1.908658639999999962e-01 1.950755769650483126e-02
1.911480010000000118e-01 1.941608719942940903e-02
1.914301389999999992e-01 1.932513735604808949e-02
1.917122759999999870e-01 1.923471146299543175e-02
1.919944130000000027e-01 1.914481145836212025e-02
1.922765499999999905e-01 1.905543492747194950e-02
1.925586880000000056e-01 1.896657631427296070e-02
1.928408249999999935e-01 1.887823353592743905e-02
1.931229620000000091e-01 1.879040916870162309e-02
1.934050989999999970e-01 1.870310553817646979e-02
1.936872370000000121e-01 1.861631238378047906e-02
1.939693740000000000e-01 1.853001362436832583e-02
1.942515109999999878e-01 1.844419102672113439e-02
1.945336490000000029e-01 1.835882408764020687e-02
1.948157859999999908e-01 1.827390056221642536e-02
1.950979230000000064e-01 1.818947040198561765e-02
1.953800599999999943e-01 1.810561433371274745e-02
1.956621980000000094e-01 1.802234949656579890e-02
1.959443349999999973e-01 1.793958142835891389e-02
1.962264720000000129e-01 1.785721970956425514e-02
1.965086090000000008e-01 1.777529476315618112e-02
1.967907469999999881e-01 1.769388942994178093e-02
1.970728840000000037e-01 1.761302814148626647e-02
1.973550209999999916e-01 1.753263928707217076e-02
1.976371590000000067e-01 1.745265640591841041e-02
1.979192959999999946e-01 1.737310278822655485e-02
1.982014330000000102e-01 1.729403583167920741e-02
1.984835699999999981e-01 1.721548510897675729e-02
1.987657080000000132e-01 1.713743915001380083e-02
1.990478450000000010e-01 1.705988241054506513e-02
1.993299819999999889e-01 1.698278858237104588e-02
1.996121190000000045e-01 1.690612860587577954e-02
1.998942569999999919e-01 1.682989407869938878e-02
2.001763940000000075e-01 1.675410478350168597e-02
2.004585309999999954e-01 1.667877796181451919e-02
2.007406690000000105e-01 1.660391244987678358e-02
2.010228059999999983e-01 1.652950205070181575e-02
2.013049429999999862e-01 1.645554222728506585e-02
2.015870800000000018e-01 1.638203162110213329e-02
2.018692179999999892e-01 1.630897044609309551e-02
2.021513550000000048e-01 1.623636731984647724e-02
2.024334919999999927e-01 1.616423147558767454e-02
2.027156290000000083e-01 1.609255163546048986e-02
2.029977669999999956e-01 1.602129399320314021e-02
2.032799040000000113e-01 1.595043410012492516e-02
2.035620409999999991e-01 1.587998645979849313e-02
2.038441789999999865e-01 1.580997508460305762e-02
2.041263160000000021e-01 1.574041026206738150e-02
2.044084529999999900e-01 1.567128747730506255e-02
2.046905900000000056e-01 1.560259890616628661e-02
2.049727279999999929e-01 1.553432559430549878e-02
2.052548650000000086e-01 1.546644832827596440e-02
2.055370019999999964e-01 1.539897493357266813e-02
2.058191390000000121e-01 1.533193791040636002e-02
2.061012769999999994e-01 1.526535548346120812e-02
2.063834139999999873e-01 1.519919800159123119e-02
2.066655510000000029e-01 1.513342721130978875e-02
2.069476879999999908e-01 1.506803678727149445e-02
2.072298260000000059e-01 1.500304542628486115e-02
2.075119629999999937e-01 1.493846768814647077e-02
2.077941000000000094e-01 1.487430128655150598e-02
2.080762379999999967e-01 1.481054112788178674e-02
2.083583750000000123e-01 1.474718444799958707e-02
2.086405120000000002e-01 1.468422899442569859e-02
2.089226489999999881e-01 1.462167206982611760e-02
2.092047870000000032e-01 1.455950892991052584e-02
2.094869239999999910e-01 1.449773535198890795e-02
2.097690610000000067e-01 1.443634830090106784e-02
2.100511979999999945e-01 1.437534616435277683e-02
2.103333360000000096e-01 1.431472596108502790e-02
2.106154729999999975e-01 1.425448259091580475e-02
2.108976100000000131e-01 1.419461112884382210e-02
2.111797480000000005e-01 1.413511919955868362e-02
2.114618849999999883e-01 1.407602237003370560e-02
2.117440220000000040e-01 1.401732202391629302e-02
2.120261589999999918e-01 1.395899091546828896e-02
2.123082970000000069e-01 1.390100193552556290e-02
2.125904339999999948e-01 1.384336485934325144e-02
2.128725710000000104e-01 1.378610800614291261e-02
2.131547079999999983e-01 1.372924646857413486e-02
2.134368460000000134e-01 1.367276922574940483e-02
2.137189830000000013e-01 1.361666217893330900e-02
2.140011199999999891e-01 1.356090446763804323e-02
2.142832580000000042e-01 1.350547251286989686e-02
2.145653949999999921e-01 1.345036160746107719e-02
2.148475320000000077e-01 1.339559788703998874e-02
2.151296689999999956e-01 1.334120680423408513e-02
2.154118070000000107e-01 1.328718552126842943e-02
2.156939439999999986e-01 1.323351979722293612e-02
2.159760809999999864e-01 1.318020252333072274e-02
2.162582180000000021e-01 1.312723881293819880e-02
2.165403559999999894e-01 1.307463081177230417e-02
2.168224930000000050e-01 1.302235727926926573e-02
2.171046299999999929e-01 1.297038771598234275e-02
2.173867680000000080e-01 1.291871781280350649e-02
2.176689049999999959e-01 1.286738057014462366e-02
2.179510420000000115e-01 1.281640488135367406e-02
2.182331789999999994e-01 1.276578462883699513e-02
2.185153169999999867e-01 1.271550148052458598e-02
2.187974540000000023e-01 1.266554372482906268e-02
2.190795909999999902e-01 1.261590685659556670e-02
2.193617280000000058e-01 1.256658766567273974e-02
2.196438659999999932e-01 1.251758583447369795e-02
2.199260030000000088e-01 1.246890267114185435e-02
2.202081399999999967e-01 1.242054358694939971e-02
2.204902780000000118e-01 1.237251931356520354e-02
2.207724149999999996e-01 1.232483318982150952e-02
2.210545519999999875e-01 1.227745168893906551e-02
2.213366890000000031e-01 1.223033327704046297e-02
2.216188269999999905e-01 1.218348325565567908e-02
2.219009640000000061e-01 1.213695636332500459e-02
2.221831009999999940e-01 1.209079121769482748e-02
2.224652380000000096e-01 1.204495570946676093e-02
2.227473759999999969e-01 1.199940146842125126e-02
2.230295130000000126e-01 1.195411050753303686e-02
2.233116500000000004e-01 1.190909255800078233e-02
2.235937869999999883e-01 1.186436304601056445e-02
2.238759250000000034e-01 1.181995290501531605e-02
2.241580619999999913e-01 1.177589405927384480e-02
2.244401990000000069e-01 1.173216622450043087e-02
2.247223369999999942e-01 1.168870492777538544e-02
2.250044740000000099e-01 1.164546687481514062e-02
2.252866109999999977e-01 1.160247823500646334e-02
2.255687480000000134e-01 1.155977804847055194e-02
2.258508860000000007e-01 1.151738928606501483e-02
2.261330229999999886e-01 1.147532303672614030e-02
2.264151600000000042e-01 1.143357480533309899e-02
2.266972969999999921e-01 1.139209837321464129e-02
2.269794350000000072e-01 1.135084421317797757e-02
2.272615719999999950e-01 1.130981772239268539e-02
2.275437090000000107e-01 1.126906195809826428e-02
2.278258469999999980e-01 1.122860464244437168e-02
2.281079840000000136e-01 1.118843306207001863e-02
2.283901210000000015e-01 1.114852919672858732e-02
2.286722579999999894e-01 1.110889216482499782e-02
2.289543960000000045e-01 1.106953166141097164e-02
2.292365329999999923e-01 1.103044894301735517e-02
2.295186700000000080e-01 1.099162429834218968e-02
2.298008069999999958e-01 1.095303820183115770e-02
2.300829450000000109e-01 1.091469963806806186e-02
2.303650819999999988e-01 1.087663425098393810e-02
2.306472189999999867e-01 1.083885002921775378e-02
2.309293570000000018e-01 1.080131924601123936e-02
2.312114939999999896e-01 1.076401348874818018e-02
2.314936310000000053e-01 1.072693261417639876e-02
2.317757679999999931e-01 1.069009133376641781e-02
2.320579060000000082e-01 1.065349884877670079e-02
2.323400429999999961e-01 1.061715459059914615e-02
2.326221800000000117e-01 1.058105645816737224e-02
2.329043169999999996e-01 1.054520212269417258e-02
2.331864549999999869e-01 1.050958905594638268e-02
2.334685920000000026e-01 1.047422189899823407e-02
2.337507289999999904e-01 1.043911622784812580e-02
2.340328670000000055e-01 1.040428303375789086e-02
2.343150039999999934e-01 1.036969509908397362e-02
2.345971410000000090e-01 1.033530923966797729e-02
2.348792779999999969e-01 1.030111012891816308e-02
2.351614160000000120e-01 1.026712414443171385e-02
2.354435529999999999e-01 1.023337836974016514e-02
2.357256899999999877e-01 1.019988068881029150e-02
2.360078270000000034e-01 1.016663183880576332e-02
2.362899649999999907e-01 1.013362314711416419e-02
2.365721020000000063e-01 1.010083365697650795e-02
2.368542389999999942e-01 1.006824530626308084e-02
2.371363770000000093e-01 1.003586240969460940e-02
2.374185139999999972e-01 1.000369691032926278e-02
2.377006510000000128e-01 9.971752791227217819e-03
2.379827880000000007e-01 9.940024760002970708e-03
2.382649259999999880e-01 9.908508391585788000e-03
2.385470630000000036e-01 9.877207079147770630e-03
2.388291999999999915e-01 9.846125747278965112e-03
2.391113370000000071e-01 9.815258752235118261e-03
2.393934749999999945e-01 9.784588422655726703e-03
2.396756120000000101e-01 9.754103066227625893e-03
2.399577489999999980e-01 9.723817585828324270e-03
2.402398870000000131e-01 9.693753281724004633e-03
2.405220240000000009e-01 9.663912578558444405e-03
2.408041609999999888e-01 9.634278176780156078e-03
2.410862980000000044e-01 9.604836897266457590e-03
2.413684359999999918e-01 9.575594106768102812e-03
2.416505730000000074e-01 9.546559275339752335e-03
2.419327099999999953e-01 9.517728395853004494e-03
2.422148470000000109e-01 9.489085508819118317e-03
2.424969849999999982e-01 9.460617188769511465e-03
2.427791220000000139e-01 9.432320835696320419e-03
2.430612590000000017e-01 9.404196896497357336e-03
2.433433959999999896e-01 9.376264452593440629e-03
2.436255340000000047e-01 9.348557848329743653e-03
2.439076709999999926e-01 9.321093316057212433e-03
2.441898080000000082e-01 9.293829142582568995e-03
2.444719459999999955e-01 9.266715724619112998e-03
2.447540830000000112e-01 9.239748112704124564e-03
2.450362199999999990e-01 9.212954365572772336e-03
2.453183569999999869e-01 9.186353663174266770e-03
2.456004950000000020e-01 9.159938324926727299e-03
2.458826319999999899e-01 9.133697092062359121e-03
2.461647690000000055e-01 9.107626873234091550e-03
2.464469059999999934e-01 9.081730407543025033e-03
2.467290440000000085e-01 9.056009767768919902e-03
2.470111809999999963e-01 9.030465619110627021e-03
2.472933180000000120e-01 9.005098550708483598e-03
2.475754559999999993e-01 8.979914057666618307e-03
2.478575929999999872e-01 8.954920849510099312e-03
2.481397300000000028e-01 8.930114707457527737e-03
2.484218669999999907e-01 8.905463487167386907e-03
2.487040050000000058e-01 8.880935113260103944e-03
2.489861419999999936e-01 8.856534903046791099e-03
2.492682790000000093e-01 8.832288458610748974e-03
2.495504159999999971e-01 8.808217574069897651e-03
2.498325540000000122e-01 8.784335792704572876e-03
2.501146910000000001e-01 8.760651879932308816e-03
2.503968280000000157e-01 8.737140207733197841e-03
2.506789660000000031e-01 8.713758377071249492e-03
2.509611030000000187e-01 8.690489883266540663e-03
2.512432399999999788e-01 8.667364098623921848e-03
2.515253769999999944e-01 8.644411460771925237e-03
2.518075149999999818e-01 8.621634084212856722e-03
2.520896519999999974e-01 8.599021644172730877e-03
2.523717890000000130e-01 8.576564720453859827e-03
2.526539259999999731e-01 8.554255925525191401e-03
2.529360640000000160e-01 8.532087520338144798e-03
2.532182009999999761e-01 8.510049036776611703e-03
2.535003379999999917e-01 8.488128954565994991e-03
2.537824759999999791e-01 8.466335350482362063e-03
2.540646129999999947e-01 8.444705156267042975e-03
2.543467500000000103e-01 8.423268050602313387e-03
2.546288870000000260e-01 8.401999480139072871e-03
2.549110250000000133e-01 8.380855707361278481e-03
2.551931619999999734e-01 8.359816239533416488e-03
2.554752989999999890e-01 8.338890811456594471e-03
2.557574360000000047e-01 8.318091025024350327e-03
2.560395739999999920e-01 8.297426869747246553e-03
2.563217110000000076e-01 8.276907868208871130e-03
2.566038480000000233e-01 8.256537241076061448e-03
2.568859860000000106e-01 8.236310936303722213e-03
2.571681230000000262e-01 8.216222929116591411e-03
2.574502599999999863e-01 8.196258809523179062e-03
2.577323970000000020e-01 8.176402619710884320e-03
2.580145349999999893e-01 8.156658341413960261e-03
2.582966720000000049e-01 8.137051844583700899e-03
2.585788090000000206e-01 8.117603630966111969e-03
2.588609459999999807e-01 8.098308407172485207e-03
2.591430840000000235e-01 8.079153566213357826e-03
2.594252209999999836e-01 8.060114527774667886e-03
2.597073579999999993e-01 8.041154557188300717e-03
2.599894950000000149e-01 8.022255104382869373e-03
2.602716330000000022e-01 8.003466420041922130e-03
2.605537700000000179e-01 7.984851615205942887e-03
2.608359069999999780e-01 7.966412417754606054e-03
2.611180450000000208e-01 7.948096166124095363e-03
2.614001819999999809e-01 7.929863114487470388e-03
2.616823189999999966e-01 7.911721612506165610e-03
2.619644560000000122e-01 7.893688974794574320e-03
2.622465939999999995e-01 7.875765477672727610e-03
2.625287310000000152e-01 7.857937928538533123e-03
2.628108679999999753e-01 7.840202063248763106e-03
2.630930049999999909e-01 7.822581776658928468e-03
2.633751429999999782e-01 7.805104196749489305e-03
2.636572799999999939e-01 7.787770837781760914e-03
2.639394170000000095e-01 7.770564227540919904e-03
2.642215549999999968e-01 7.753466453240393658e-03
2.645036920000000125e-01 7.736459740752640001e-03
2.647858289999999726e-01 7.719527834623002988e-03
2.650679659999999882e-01 7.702674977655954956e-03
2.653501039999999755e-01 7.685918810043923348e-03
2.656322409999999912e-01 7.669273725801617481e-03
2.659143780000000068e-01 7.652745239024450266e-03
2.661965150000000224e-01 7.636336297476016555e-03
2.664786530000000098e-01 7.620035565364361059e-03
2.667607900000000254e-01 7.603823469402814367e-03
2.670429269999999855e-01 7.587690710225213075e-03
2.673250649999999728e-01 7.571650551876706742e-03
2.676072019999999885e-01 7.555717106547712482e-03
2.678893390000000041e-01 7.539883900595868542e-03
2.681714760000000197e-01 7.524133619541270405e-03
2.684536140000000071e-01 7.508457140529583261e-03
2.687357510000000227e-01 7.492861579176071651e-03
2.690178879999999828e-01 7.477357039395335532e-03
2.693000249999999984e-01 7.461964427867724507e-03
2.695821629999999858e-01 7.446709391085016942e-03
2.698643000000000014e-01 7.431583711479082532e-03
2.701464370000000170e-01 7.416519893859213966e-03
2.704285750000000044e-01 7.401458549935254969e-03
2.707107120000000200e-01 7.386440667770865706e-03
2.709928489999999801e-01 7.371549839563233848e-03
2.712749859999999957e-01 7.356815134946524497e-03
2.715571239999999831e-01 7.342179740475907913e-03
2.718392609999999987e-01 7.327590860747155120e-03
2.721213980000000143e-01 7.313067655567424483e-03
2.724035349999999744e-01 7.298656629467836082e-03
2.726856730000000173e-01 7.284360761988525369e-03
2.729678099999999774e-01 7.270121477654402191e-03
2.732499469999999930e-01 7.255890787248933660e-03
2.735320849999999804e-01 7.241707793316187053e-03
2.738142219999999960e-01 7.227640913307159520e-03
2.740963590000000116e-01 7.213706559379315722e-03
2.743784960000000273e-01 7.199854650789279560e-03
2.746606340000000146e-01 7.186042328932716258e-03
2.749427709999999747e-01 7.172285405944393150e-03
2.752249079999999903e-01 7.158617096783272300e-03
2.755070450000000060e-01 7.145045759400209424e-03
2.757891829999999933e-01 7.131550775053579865e-03
2.760713200000000089e-01 7.118114749185629371e-03
2.763534570000000246e-01 7.104741252615334388e-03
2.766355939999999847e-01 7.091439581701434146e-03
2.769177320000000275e-01 7.078212900171647684e-03
2.771998689999999876e-01 7.065058110630903672e-03
2.774820060000000033e-01 7.051973731848979431e-03
2.777641439999999906e-01 7.038966539249224934e-03
2.780462810000000062e-01 7.026044549127684682e-03
2.783284180000000219e-01 7.013195284569476336e-03
2.786105549999999820e-01 7.000386920430746313e-03
2.788926930000000248e-01 6.987600197581258707e-03
2.791748299999999849e-01 6.974863845245078339e-03
2.794569670000000006e-01 6.962215456203697111e-03
2.800212420000000035e-01 6.937185946959876191e-03
2.803033790000000192e-01 6.924770360622316094e-03
2.805855159999999793e-01 6.912411976030516207e-03
2.808676540000000221e-01 6.900109395677768952e-03
2.811497909999999822e-01 6.887859205257354164e-03
2.814319279999999979e-01 6.875656186882021098e-03
2.817140650000000135e-01 6.863500435505460497e-03
2.819962030000000008e-01 6.851407195776535071e-03
2.822783400000000165e-01 6.839392711821007213e-03
2.825604769999999766e-01 6.827448964301658339e-03
2.828426139999999922e-01 6.815550936982803058e-03
2.831247519999999795e-01 6.803685529082587058e-03
2.834068889999999952e-01 6.791871333896364223e-03
2.836890260000000108e-01 6.780129650345302975e-03
2.839711639999999981e-01 6.768457037810262159e-03
2.842533010000000138e-01 6.756834387427374661e-03
2.845354379999999739e-01 6.745248866744373017e-03
2.848175749999999895e-01 6.733703007784853228e-03
2.850997129999999768e-01 6.722202381447495156e-03
2.853818499999999925e-01 6.710762038302575845e-03
2.856639870000000081e-01 6.699402191531221573e-03
2.859461240000000237e-01 6.688124821705430413e-03
2.865103990000000267e-01 6.665673760824710956e-03
2.867925359999999868e-01 6.654472287276646733e-03
2.870746739999999741e-01 6.643320011591400884e-03
2.873568109999999898e-01 6.632236384430324067e-03
2.876389480000000054e-01 6.621219481210082435e-03
2.882032230000000084e-01 6.599353351483326462e-03
2.884853600000000240e-01 6.588467858255819473e-03
2.887674969999999841e-01 6.577605340695668115e-03
2.890496339999999997e-01 6.566795149265903728e-03
2.893317719999999871e-01 6.556063765370549051e-03
2.896139090000000027e-01 6.545397541632699302e-03
2.898960460000000183e-01 6.534766008773716141e-03
2.901781840000000057e-01 6.524153950547137946e-03
2.904603210000000213e-01 6.513569550476278579e-03
2.907424579999999814e-01 6.503022002008070589e-03
2.910245949999999970e-01 6.492515455922797697e-03
2.913067329999999844e-01 6.482052146777455941e-03
2.915888700000000000e-01 6.471636383914181924e-03
2.918710070000000156e-01 6.461275071031604908e-03
2.921531439999999757e-01 6.450971709478072434e-03
2.924352820000000186e-01 6.440709932007800120e-03
2.927174189999999787e-01 6.430467299504539699e-03
2.929995559999999943e-01 6.420240620745423614e-03
2.932816939999999817e-01 6.410050808348890031e-03
2.938459680000000129e-01 6.389824460685605660e-03
2.944102430000000159e-01 6.369727433270378283e-03
2.946923799999999760e-01 6.359731401497351402e-03
2.949745169999999916e-01 6.349786918612810444e-03
2.952566540000000073e-01 6.339899865586187330e-03
2.955387919999999946e-01 6.330073657461696493e-03
2.958209290000000102e-01 6.320295090081419834e-03
2.961030660000000259e-01 6.310533776985672964e-03
2.963852029999999860e-01 6.300769415541286611e-03
2.966673409999999733e-01 6.291023555055721625e-03
2.969494779999999889e-01 6.281326545072790125e-03
2.972316150000000046e-01 6.271679767986542905e-03
2.975137529999999919e-01 6.262057906757206339e-03
2.977958900000000075e-01 6.252446368936428328e-03
2.980780270000000232e-01 6.242870651639993891e-03
2.983601639999999833e-01 6.233362600854184220e-03
2.986423020000000261e-01 6.223913712896752236e-03
2.989244389999999862e-01 6.214481812269310838e-03
2.994887130000000175e-01 6.195605046618421659e-03
2.997708510000000048e-01 6.186208088659996343e-03
3.000529880000000205e-01 6.176864853409900699e-03
3.003351249999999806e-01 6.167583233723487532e-03
3.006172630000000234e-01 6.158362349733224710e-03
3.011815369999999992e-01 6.140002472108116796e-03
3.014636740000000148e-01 6.130830546515721007e-03
3.020279490000000178e-01 6.112530486519234321e-03
3.023100859999999779e-01 6.103419259072734304e-03
3.025922229999999935e-01 6.094345008828531800e-03
3.028743609999999808e-01 6.085317065772334437e-03
3.034386350000000121e-01 6.067427012923217421e-03
3.037207729999999994e-01 6.058529879739166062e-03
3.040029100000000151e-01 6.049622822646361781e-03
3.042850469999999752e-01 6.040718754975252930e-03
3.045671839999999908e-01 6.031855236119126884e-03
3.048493219999999781e-01 6.023050609199644134e-03
3.051314589999999938e-01 6.014284269653820923e-03
3.054135960000000094e-01 6.005532810197866320e-03
3.056957330000000250e-01 5.996789484501750984e-03
3.059778710000000124e-01 5.988055953040824150e-03
3.062600079999999725e-01 5.979337903093554299e-03
3.065421449999999881e-01 5.970647927675432932e-03
3.068242829999999755e-01 5.961998434199279433e-03
3.073885570000000067e-01 5.944839787917487704e-03
3.076706940000000223e-01 5.936324834284075619e-03
3.082349690000000253e-01 5.919320676126799130e-03
3.085171059999999854e-01 5.910822343137809437e-03
3.090813809999999884e-01 5.893931503387153832e-03
3.093635180000000040e-01 5.885538503948369200e-03
3.096456550000000196e-01 5.877165607362455635e-03
3.099277930000000070e-01 5.868811911596855981e-03
3.102099300000000226e-01 5.860480414079366658e-03
3.104920669999999827e-01 5.852176189578338870e-03
3.107742039999999983e-01 5.843907226534266787e-03
3.110563419999999857e-01 5.835678977987240196e-03
3.121848910000000199e-01 5.802968171715631659e-03
3.124670279999999800e-01 5.794801141626352604e-03
3.130313020000000113e-01 5.778562760588273894e-03
3.135955770000000142e-01 5.762496053015255144e-03
3.138777139999999743e-01 5.754469671743095080e-03
3.141598520000000172e-01 5.746454211189138024e-03
3.144419889999999773e-01 5.738472665997003744e-03
3.147241259999999929e-01 5.730529012536433528e-03
3.152884009999999959e-01 5.714699480660410946e-03
3.155705380000000115e-01 5.706805431505367586e-03
3.158526750000000272e-01 5.698933044236221233e-03
3.164169499999999746e-01 5.683267361310439560e-03
3.166990869999999902e-01 5.675475981225660757e-03
3.169812240000000059e-01 5.667707129292455341e-03
3.172633619999999932e-01 5.659954764915758364e-03
3.175454990000000088e-01 5.652216608672886236e-03
3.181097729999999846e-01 5.636785809509048395e-03
3.183919110000000274e-01 5.629095890115185311e-03
3.189561850000000032e-01 5.613785393319312492e-03
3.195204600000000061e-01 5.598638183542703137e-03
3.198025970000000218e-01 5.591104999679955521e-03
3.200847339999999819e-01 5.583557637655425267e-03
3.203668720000000247e-01 5.576002974674178214e-03
3.206490089999999848e-01 5.568473417478798926e-03
3.212132830000000161e-01 5.553548277440201186e-03
3.214954210000000034e-01 5.546136440725732940e-03
3.217775580000000191e-01 5.538736293259876285e-03
3.220596949999999792e-01 5.531324310849069364e-03
3.223418319999999948e-01 5.523894782173228643e-03
3.229061069999999978e-01 5.509115349343307946e-03
3.231882440000000134e-01 5.501794513831683754e-03
3.234703820000000007e-01 5.494492544130634773e-03
3.237525190000000164e-01 5.487197781375643089e-03
3.240346559999999765e-01 5.479925622414074347e-03
3.248810679999999951e-01 5.458276519630258714e-03
3.254453420000000263e-01 5.443873145106460816e-03
3.262917539999999894e-01 5.422494531793734841e-03
3.268560289999999924e-01 5.408277476067504391e-03
3.271381660000000080e-01 5.401220710080969697e-03
3.274203030000000236e-01 5.394195842407877028e-03
3.277024410000000110e-01 5.387180414643840190e-03
3.279845780000000266e-01 5.380166391532515205e-03
3.282667149999999867e-01 5.373166253936306411e-03
3.291131270000000053e-01 5.352304644991487739e-03
3.296774020000000083e-01 5.338494701140557123e-03
