# q  I_recon
2.398167000000000094e-03 9.970202151534471868e-01
2.680304000000000107e-03 9.962797855909831801e-01
2.962441000000000119e-03 9.954579707645335729e-01
3.244579000000000039e-03 9.945550588789442426e-01
3.526716000000000052e-03 9.935713931431104928e-01
3.808853000000000065e-03 9.925073099455086201e-01
4.090990000000000078e-03 9.913631526552536544e-01
4.373128000000000432e-03 9.901392663711569009e-01
4.655264999999999577e-03 9.888360869505528061e-01
4.937401999999999590e-03 9.874540950080001878e-01
5.219539999999999944e-03 9.859937708748971463e-01
5.501676999999999956e-03 9.844556091134724074e-01
5.783813999999999969e-03 9.828400941598411933e-01
6.065950999999999982e-03 9.811477831352271028e-01
6.348089000000000336e-03 9.793792721799925438e-01
6.630226000000000348e-03 9.775351702750609828e-01
6.912363000000000361e-03 9.756160508921983832e-01
7.194500000000000374e-03 9.736225007567420597e-01
7.476637999999999860e-03 9.715552022596302129e-01
7.758774999999999873e-03 9.694149223951744609e-01
8.040912000000000753e-03 9.672023857409601799e-01
8.323050000000000240e-03 9.649182691083145746e-01
8.605187000000000253e-03 9.625632788744459267e-01
8.887324000000000265e-03 9.601382035126356795e-01
9.169461000000000278e-03 9.576438974803358484e-01
9.451598999999999764e-03 9.550811805448019554e-01
9.733735999999999777e-03 9.524508486556652054e-01
1.001587299999999979e-02 9.497536767415756254e-01
1.029800999999999980e-02 9.469905485770558906e-01
1.058014799999999929e-02 9.441623869452601125e-01
1.086228499999999930e-02 9.412701290460731007e-01
1.114442199999999931e-02 9.383146535895098284e-01
1.142656000000000054e-02 9.352968476475627124e-01
1.170869700000000055e-02 9.322177196359344720e-01
1.199083400000000056e-02 9.290782847145870882e-01
1.227297100000000057e-02 9.258795106202090119e-01
1.255510900000000006e-02 9.226222604597302812e-01
1.283724600000000007e-02 9.193074528200876339e-01
1.311938300000000009e-02 9.159361605069595846e-01
1.340152000000000010e-02 9.125095414075515832e-01
1.368365799999999959e-02 9.090286551862164499e-01
1.396579499999999960e-02 9.054944744115631661e-01
1.424793199999999961e-02 9.019079508209388862e-01
1.453007000000000083e-02 8.982701842131151082e-01
1.481220700000000084e-02 8.945823643952254267e-01
1.509434400000000086e-02 8.908455622282169806e-01
1.537648099999999914e-02 8.870607562750847386e-01
1.565861899999999862e-02 8.832289350839052089e-01
1.594075600000000037e-02 8.793512860691361510e-01
1.622289299999999865e-02 8.754290041363620434e-01
1.650503000000000040e-02 8.714632183866721782e-01
1.678716800000000162e-02 8.674549497784120877e-01
1.706930499999999989e-02 8.634052814656268948e-01
1.735144200000000164e-02 8.593153683515323271e-01
1.763357999999999939e-02 8.551863940400934450e-01
1.791571700000000114e-02 8.510194953816269114e-01
1.819785399999999942e-02 8.468156681499190430e-01
1.847999100000000117e-02 8.425759541066907277e-01
1.876212899999999892e-02 8.383015279285742638e-01
1.904426600000000067e-02 8.339936433939109106e-01
1.932640299999999894e-02 8.296534150979135713e-01
1.960854000000000069e-02 8.252818816685766334e-01
1.989067799999999844e-02 8.208801010919334340e-01
2.017281500000000019e-02 8.164493198214245462e-01
2.045495199999999847e-02 8.119907592977967381e-01
2.073708900000000022e-02 8.075054612810130816e-01
2.101922700000000144e-02 8.029942798259070980e-01
2.130136399999999972e-02 7.984582008046506862e-01
2.158350100000000146e-02 7.938984547552716542e-01
2.186563899999999921e-02 7.893163206851322444e-01
2.214777600000000096e-02 7.847129564246535516e-01
2.242991299999999924e-02 7.800893357995821731e-01
2.271205000000000099e-02 7.754464674060107532e-01
2.299418799999999874e-02 7.707854084552483442e-01
2.327632500000000049e-02 7.661072721188824097e-01
2.355846199999999876e-02 7.614130478454727013e-01
2.384059900000000051e-02 7.567036881912582169e-01
2.412273700000000173e-02 7.519801733997871773e-01
2.440487400000000001e-02 7.472436533529855929e-01
2.468701099999999829e-02 7.424952341462643934e-01
2.496914899999999951e-02 7.377358700541317704e-01
2.525128600000000126e-02 7.329664673405542619e-01
2.553342299999999954e-02 7.281879359187259926e-01
2.581556000000000128e-02 7.234013339124886199e-01
2.609769799999999904e-02 7.186077060152488150e-01
2.637983500000000078e-02 7.138079906853933565e-01
2.666197199999999906e-02 7.090029831851702991e-01
2.694410900000000081e-02 7.041935511869447106e-01
2.722624699999999856e-02 6.993806648849710816e-01
2.750838400000000031e-02 6.945653480007490943e-01
2.779052099999999859e-02 6.897484569597510662e-01
2.807265899999999981e-02 6.849307868333872618e-01
2.835479600000000155e-02 6.801132236528754094e-01
2.863693299999999983e-02 6.752966788890304439e-01
2.891907000000000158e-02 6.704820666256944284e-01
2.920120799999999933e-02 6.656701000470800489e-01
2.948334500000000108e-02 6.608614567931186956e-01
2.976548199999999936e-02 6.560568660556191922e-01
3.004761900000000110e-02 6.512572513299386134e-01
3.032975699999999886e-02 6.464635100854067007e-01
3.061189400000000060e-02 6.416764037276552202e-01
3.089403099999999888e-02 6.368965629061955624e-01
3.117616900000000010e-02 6.321246625710423839e-01
3.145830599999999838e-02 6.273614974012909906e-01
3.174044300000000013e-02 6.226077988647915618e-01
3.202258000000000188e-02 6.178642001096048553e-01
3.230471800000000310e-02 6.131312743086777539e-01
3.258685499999999791e-02 6.084097063926168225e-01
3.286899199999999965e-02 6.037002172163542513e-01
3.315112900000000140e-02 5.990035246621028264e-01
3.343326700000000262e-02 5.943201838834223372e-01
3.371540399999999743e-02 5.896507507920761837e-01
3.399754099999999918e-02 5.849957909294977165e-01
3.427967900000000040e-02 5.803559455247189192e-01
3.456181600000000215e-02 5.757318730483395042e-01
3.484395299999999696e-02 5.711239991139150929e-01
3.512608999999999870e-02 5.665327129206753076e-01
3.540822799999999992e-02 5.619585068343428969e-01
3.569036500000000167e-02 5.574020589411494697e-01
3.597250200000000342e-02 5.528639604714913336e-01
3.625463899999999823e-02 5.483446161723364298e-01
3.653677699999999945e-02 5.438443629786703370e-01
3.681891400000000120e-02 5.393636906485588245e-01
3.710105100000000294e-02 5.349031503106937979e-01
3.738318799999999775e-02 5.304632549386314455e-01
3.766532599999999897e-02 5.260442675681423763e-01
3.794746300000000072e-02 5.216464474828351738e-01
3.822960000000000247e-02 5.172701566647766036e-01
3.851173799999999675e-02 5.129158985260855452e-01
3.879387499999999850e-02 5.085841795684434841e-01
3.907601200000000025e-02 5.042752880603776910e-01
3.935814900000000199e-02 4.999894925915825405e-01
3.964028700000000321e-02 4.957270954613728908e-01
3.992242399999999802e-02 4.914884858805778078e-01
4.020456099999999977e-02 4.872739770104224655e-01
4.048669800000000152e-02 4.830837961004694203e-01
4.076883600000000274e-02 4.789181405476109488e-01
4.105097299999999755e-02 4.747773236167607824e-01
4.133310999999999930e-02 4.706616695341063195e-01
4.161524800000000052e-02 4.665714513550315856e-01
4.189738500000000226e-02 4.625068359714849531e-01
4.217952199999999707e-02 4.584679298618435372e-01
4.246165899999999882e-02 4.544549756958661813e-01
4.274379700000000004e-02 4.504682869831257985e-01
4.302593400000000179e-02 4.465081539368750962e-01
4.330807099999999660e-02 4.425746536676738452e-01
4.359020799999999835e-02 4.386678581163637181e-01
4.387234599999999957e-02 4.347879076786128061e-01
4.415448300000000131e-02 4.309350357778929386e-01
4.443662000000000306e-02 4.271094042949982184e-01
4.471875799999999734e-02 4.233111048476239646e-01
4.500089499999999909e-02 4.195402660777250436e-01
4.528303200000000084e-02 4.157970401218269441e-01
4.556516900000000259e-02 4.120816284307068922e-01
4.584730699999999687e-02 4.083941161055336111e-01
4.612944399999999862e-02 4.047344150517477868e-01
4.641158100000000036e-02 4.011024027580653573e-01
4.669371800000000211e-02 3.974982381959757949e-01
4.697585600000000333e-02 3.939222046509005537e-01
4.725799299999999814e-02 3.903744961742003361e-01
4.754012999999999989e-02 3.868550320043903645e-01
4.782226800000000111e-02 3.833637199669420736e-01
4.810440500000000286e-02 3.799006103840628090e-01
4.838654199999999767e-02 3.764657646642576849e-01
4.866867899999999941e-02 3.730592106533505148e-01
4.895081700000000063e-02 3.696808872783571287e-01
4.923295400000000238e-02 3.663307750966176557e-01
4.951509099999999719e-02 3.630089075163273615e-01
4.979722799999999894e-02 3.597153655998606148e-01
5.007936600000000016e-02 3.564501414036212457e-01
5.036150300000000191e-02 3.532131449287101987e-01
5.064363999999999671e-02 3.500042631705090890e-01
5.092577799999999794e-02 3.468235129836962916e-01
5.120791499999999968e-02 3.436709909577205790e-01
5.149005200000000143e-02 3.405466530799410307e-01
5.177218900000000318e-02 3.374503213521492517e-01
5.205432699999999746e-02 3.343818238771862350e-01
5.233646399999999921e-02 3.313411685008830765e-01
5.261860100000000096e-02 3.283283772573892811e-01
5.290073800000000270e-02 3.253433982312362582e-01
5.318287599999999699e-02 3.223860645184969953e-01
5.346501299999999873e-02 3.194562587693510758e-01
5.374715000000000048e-02 3.165539502179920417e-01
5.402928800000000170e-02 3.136791394398645849e-01
5.431142500000000345e-02 3.108317322309239739e-01
5.459356199999999826e-02 3.080114640371123258e-01
5.487569900000000001e-02 3.052181188302207637e-01
5.515783700000000123e-02 3.024516662527009236e-01
5.543997400000000297e-02 2.997121538889642167e-01
5.572211099999999778e-02 2.969995121826367601e-01
5.600424799999999953e-02 2.943135928609513785e-01
5.628638600000000075e-02 2.916542290291536665e-01
5.656852300000000250e-02 2.890212616753605190e-01
5.685065999999999731e-02 2.864145004853331233e-01
5.713279699999999905e-02 2.838338017323457363e-01
5.741493500000000028e-02 2.812790466448126803e-01
5.769707200000000202e-02 2.787501470030301909e-01
5.797920899999999683e-02 2.762469948246133455e-01
5.826134699999999805e-02 2.737694789709323451e-01
5.854348399999999980e-02 2.713174289369696401e-01
5.882562100000000155e-02 2.688905768602012913e-01
5.910775800000000330e-02 2.664887128804666050e-01
5.938989599999999758e-02 2.641117754103818327e-01
5.967203299999999933e-02 2.617597476013126534e-01
5.995417000000000107e-02 2.594324393037201193e-01
6.023630700000000282e-02 2.571295579016240063e-01
6.051844499999999710e-02 2.548508632305911403e-01
6.080058199999999885e-02 2.525963120103334458e-01
6.108271900000000060e-02 2.503658526185164601e-01
6.136485700000000182e-02 2.481592678573498745e-01
6.164699399999999663e-02 2.459762516162771195e-01
6.192913099999999837e-02 2.438165672463644684e-01
6.221126800000000012e-02 2.416802191739344519e-01
6.249340600000000134e-02 2.395672111562628936e-01
6.277554300000000309e-02 2.374772617647134820e-01
6.305768000000000484e-02 2.354098792452559707e-01
6.333981700000000659e-02 2.333647529198067117e-01
6.362195499999999393e-02 2.313419534229916585e-01
6.390409199999999568e-02 2.293415912507919818e-01
6.418622899999999742e-02 2.273634371055255621e-01
6.446836699999999865e-02 2.254070866363033498e-01
6.475050400000000039e-02 2.234722669458550359e-01
6.503264100000000214e-02 2.215589075735423796e-01
6.531477800000000389e-02 2.196669525011866464e-01
6.559691600000000511e-02 2.177961810979609503e-01
6.587905300000000686e-02 2.159463143159958132e-01
6.616118999999999473e-02 2.141171083584640922e-01
6.644332699999999647e-02 2.123084258210770070e-01
6.672546499999999770e-02 2.105201257035453910e-01
6.700760199999999944e-02 2.087520293678472583e-01
6.728973900000000119e-02 2.070039139993599397e-01
6.757187700000000241e-02 2.052755778721993551e-01
6.785401400000000416e-02 2.035668713917154204e-01
6.813615100000000591e-02 2.018776225696093107e-01
6.841828799999999378e-02 2.002076192333498983e-01
6.870042599999999500e-02 1.985566254065243563e-01
6.898256299999999674e-02 1.969244596977380302e-01
6.926469999999999849e-02 1.953109772951107936e-01
6.954683700000000024e-02 1.937160296573266771e-01
6.982897500000000146e-02 1.921393814730701088e-01
7.011111200000000321e-02 1.905807862341492298e-01
7.039324900000000496e-02 1.890400401764754379e-01
7.067538700000000618e-02 1.875170184562987286e-01
7.095752399999999405e-02 1.860115981636088212e-01
7.123966099999999579e-02 1.845235381083393800e-01
7.152179799999999754e-02 1.830525717580405165e-01
7.180393599999999876e-02 1.815985025223391114e-01
7.208607300000000051e-02 1.801612389907994993e-01
7.236821000000000226e-02 1.787406568881212965e-01
7.265034700000000401e-02 1.773365320472179152e-01
7.293248500000000523e-02 1.759486073766587944e-01
7.321462199999999310e-02 1.745767049176367436e-01
7.349675899999999484e-02 1.732207016540364131e-01
7.377889599999999659e-02 1.718804596553534514e-01
7.406103399999999781e-02 1.705557396675157489e-01
7.434317099999999956e-02 1.692462953563648176e-01
7.462530800000000131e-02 1.679519523128453762e-01
7.490744600000000253e-02 1.666726207230931067e-01
7.518958300000000428e-02 1.654081870658906384e-01
7.547172000000000602e-02 1.641583733095126896e-01
7.575385699999999389e-02 1.629228797454225497e-01
7.603599499999999511e-02 1.617015638478148110e-01
7.631813199999999686e-02 1.604944395011385361e-01
7.660026899999999861e-02 1.593014304117573443e-01
7.688240600000000036e-02 1.581221934190075451e-01
7.716454400000000158e-02 1.569563404981970112e-01
7.744668100000000333e-02 1.558037382329574838e-01
7.772881800000000507e-02 1.546644356048342273e-01
7.801095600000000629e-02 1.535383997584615912e-01
7.829309299999999416e-02 1.524253512724617343e-01
7.857522999999999591e-02 1.513249632865970862e-01
7.885736699999999766e-02 1.502370788948308167e-01
7.913950499999999888e-02 1.491616581262519003e-01
7.942164200000000063e-02 1.480986160884412983e-01
7.970377900000000237e-02 1.470477001651814275e-01
7.998591600000000412e-02 1.460086453003819063e-01
8.026805400000000534e-02 1.449812936750744241e-01
8.055019099999999321e-02 1.439655712837559498e-01
8.083232799999999496e-02 1.429613666012694573e-01
8.111446599999999618e-02 1.419685021113780143e-01
8.139660299999999793e-02 1.409868049037864557e-01
8.167873999999999968e-02 1.400161298400821597e-01
8.196087700000000142e-02 1.390563580158287460e-01
8.224301500000000265e-02 1.381073460466173408e-01
8.252515200000000439e-02 1.371689148509783740e-01
8.280728900000000614e-02 1.362408747633975792e-01
8.308942599999999401e-02 1.353230890750617144e-01
8.337156399999999523e-02 1.344154444052871877e-01
8.365370099999999698e-02 1.335178268114669553e-01
8.393583799999999873e-02 1.326300925900148198e-01
8.421797599999999995e-02 1.317520962187494205e-01
8.450011300000000170e-02 1.308837040932125662e-01
8.478225000000000344e-02 1.300247744458373766e-01
8.506438700000000519e-02 1.291751629979847049e-01
8.534652500000000641e-02 1.283347127120605669e-01
8.562866199999999428e-02 1.275032820037032000e-01
8.591079899999999603e-02 1.266807740157511186e-01
8.619293599999999778e-02 1.258671175795299246e-01
8.647507399999999900e-02 1.250621974988576357e-01
8.675721100000000074e-02 1.242658424511575016e-01
8.703934800000000249e-02 1.234778761651736528e-01
8.732148600000000371e-02 1.226981812717557879e-01
8.760362300000000546e-02 1.219266713139164626e-01
8.788575999999999333e-02 1.211632354807223588e-01
8.816789699999999508e-02 1.204077429355583095e-01
8.845003499999999630e-02 1.196600615609767770e-01
8.873217199999999805e-02 1.189200845822008384e-01
8.901430899999999979e-02 1.181877032904308927e-01
8.929644600000000154e-02 1.174628090460886204e-01
8.957858400000000276e-02 1.167452873458897228e-01
8.986072100000000451e-02 1.160350360055315416e-01
9.014285800000000626e-02 1.153319699353401312e-01
9.042499499999999413e-02 1.146360128243710391e-01
9.070713299999999535e-02 1.139470390870444827e-01
9.098926999999999710e-02 1.132648760894411355e-01
9.127140699999999884e-02 1.125893615057417113e-01
9.155354500000000006e-02 1.119204258856434930e-01
9.183568200000000181e-02 1.112580318086436593e-01
9.211781900000000356e-02 1.106021078915389866e-01
9.239995600000000531e-02 1.099525569233590766e-01
9.268209400000000653e-02 1.093092746105834567e-01
9.296423099999999440e-02 1.086721495854509195e-01
9.324636799999999615e-02 1.080410615268418556e-01
9.352850499999999789e-02 1.074159214016376929e-01
9.381064299999999911e-02 1.067966656018654731e-01
9.409278000000000086e-02 1.061832276646371559e-01
9.437491700000000261e-02 1.055754969258162063e-01
9.465705500000000383e-02 1.049733556228849146e-01
9.493919200000000558e-02 1.043767141069211202e-01
9.522132899999999345e-02 1.037854950541301363e-01
9.550346599999999520e-02 1.031996337453078560e-01
9.578560399999999642e-02 1.026190948467214786e-01
9.606774099999999816e-02 1.020438495943787188e-01
9.634987799999999991e-02 1.014737735430000648e-01
9.663201500000000166e-02 1.009086744746036657e-01
9.691415300000000288e-02 1.003484068885084901e-01
9.719629000000000463e-02 9.979297564638614504e-02
9.747842700000000637e-02 9.924239944147547621e-02
9.776056499999999372e-02 9.869662016557245732e-02
9.804270199999999547e-02 9.815553121821392335e-02
9.832483899999999721e-02 9.761903468775548487e-02
9.860697599999999896e-02 9.708707466712666878e-02
9.888911400000000018e-02 9.655959827694887698e-02
9.917125100000000193e-02 9.603654179880648234e-02
9.945338800000000368e-02 9.551782537097114334e-02
9.973552500000000542e-02 9.500336526171178353e-02
1.000176630000000066e-01 9.449306311255413482e-02
1.002997999999999945e-01 9.398683178703856611e-02
1.005819369999999963e-01 9.348465497150038050e-02
1.008640739999999980e-01 9.298656181319012171e-02
1.011462119999999992e-01 9.249252484350803383e-02
1.014283490000000010e-01 9.200240722055723352e-02
1.017104860000000027e-01 9.151606345458067338e-02
1.019926240000000039e-01 9.103344350401629259e-02
1.022747610000000057e-01 9.055455194590610046e-02
1.025568979999999936e-01 9.007937179857899990e-02
1.028390349999999953e-01 8.960785639342626341e-02
1.031211729999999965e-01 8.913994803091752905e-02
1.034033099999999983e-01 8.867554768022582745e-02
1.036854470000000000e-01 8.821453061756943936e-02
1.039675840000000018e-01 8.775684880247074104e-02
1.042497220000000030e-01 8.730257898587882870e-02
1.045318590000000047e-01 8.685178688490770293e-02
1.048139960000000065e-01 8.640434047420503250e-02
1.050961339999999938e-01 8.596002818418772840e-02
1.053782709999999956e-01 8.551874089891285668e-02
1.056604079999999973e-01 8.508051373365239922e-02
1.059425449999999991e-01 8.464538801628525289e-02
1.062246830000000003e-01 8.421335554198758344e-02
1.065068200000000020e-01 8.378439381202684721e-02
1.067889570000000038e-01 8.335844383383024525e-02
1.070710940000000055e-01 8.293540436268466431e-02
1.073532320000000068e-01 8.251518422618880910e-02
1.076353689999999946e-01 8.209777702867451787e-02
1.079175059999999964e-01 8.168319805278666246e-02
1.081996439999999976e-01 8.127142474865700628e-02
1.084817809999999993e-01 8.086239180070961541e-02
1.087639180000000011e-01 8.045603277265783726e-02
1.090460550000000028e-01 8.005231286303253480e-02
1.093281930000000041e-01 7.965120509709151808e-02
1.096103300000000058e-01 7.925268953765705893e-02
1.098924669999999937e-01 7.885674510425473571e-02
1.101746039999999954e-01 7.846334619969605462e-02
1.104567419999999967e-01 7.807243936700936082e-02
1.107388789999999984e-01 7.768396909285407714e-02
1.110210160000000001e-01 7.729789867661986114e-02
1.113031540000000014e-01 7.691421489535275879e-02
1.115852910000000031e-01 7.653290765447848254e-02
1.118674280000000049e-01 7.615395502409644246e-02
1.121495650000000066e-01 7.577733439464937049e-02
1.124317029999999940e-01 7.540301842876552529e-02
1.127138399999999957e-01 7.503098061610485869e-02
1.129959769999999974e-01 7.466117929845580981e-02
1.132781139999999992e-01 7.429353599825540277e-02
1.135602520000000004e-01 7.392796773745617667e-02
1.138423890000000022e-01 7.356448099160849130e-02
1.141245260000000039e-01 7.320314997093958775e-02
1.144066640000000051e-01 7.284401209285346068e-02
1.146888010000000069e-01 7.248698807440276393e-02
1.149709379999999947e-01 7.213197600264992237e-02
1.152530749999999965e-01 7.177893925725202517e-02
1.155352129999999977e-01 7.142788849353005898e-02
1.158173499999999995e-01 7.107883375907129986e-02
1.160994870000000012e-01 7.073176604453003391e-02
1.163816240000000030e-01 7.038667221933811446e-02
1.166637620000000042e-01 7.004350323497555986e-02
1.169458990000000059e-01 6.970218998707827796e-02
1.172280359999999938e-01 6.936269475928091843e-02
1.175101729999999955e-01 6.902506908222519333e-02
1.177923109999999968e-01 6.868936785675273937e-02
1.180744479999999985e-01 6.835555204294220533e-02
1.183565850000000003e-01 6.802351872758097273e-02
1.186387230000000015e-01 6.769319335797281678e-02
1.189208600000000032e-01 6.736457002037300745e-02
1.192029970000000050e-01 6.703765022876562174e-02
1.194851340000000067e-01 6.671245738317548024e-02
1.197672719999999941e-01 6.638902511393586503e-02
1.200494089999999958e-01 6.606736101514314174e-02
1.203315459999999976e-01 6.574740989290082938e-02
1.206136829999999993e-01 6.542911280120369821e-02
1.208958210000000005e-01 6.511242822000798403e-02
1.211779580000000023e-01 6.479732763634254988e-02
1.214600950000000040e-01 6.448380621956691094e-02
1.217422330000000052e-01 6.417190792634575036e-02
1.220243699999999931e-01 6.386167339338567894e-02
1.223065069999999949e-01 6.355305168523145420e-02
1.225886439999999966e-01 6.324595360430340651e-02
1.228707819999999978e-01 6.294033807125172519e-02
1.231529189999999996e-01 6.263624785168830922e-02
1.234350560000000013e-01 6.233371948717990330e-02
1.237171930000000031e-01 6.203272143441549563e-02
1.239993310000000043e-01 6.173319346628105414e-02
1.242814680000000060e-01 6.143511053922794118e-02
1.245636049999999939e-01 6.113849173279819332e-02
1.248457429999999951e-01 6.084335654097303842e-02
1.251278799999999969e-01 6.054970745874346111e-02
1.254100170000000125e-01 6.025753589221287398e-02
1.256921540000000004e-01 5.996681052610147028e-02
1.259742919999999877e-01 5.967746732968100265e-02
1.262564290000000033e-01 5.938945761508937493e-02
1.265385659999999912e-01 5.910280580308446829e-02
1.268207030000000068e-01 5.881756096930949168e-02
1.271028409999999942e-01 5.853372626076731866e-02
1.273849780000000098e-01 5.825125357338944293e-02
1.276671149999999977e-01 5.797009924434490258e-02
1.279492530000000128e-01 5.769026986718832350e-02
1.282313900000000007e-01 5.741178904595001936e-02
1.285135269999999885e-01 5.713465865150307854e-02
1.287956640000000041e-01 5.685886103514480733e-02
1.290778019999999915e-01 5.658437398397946072e-02
1.293599390000000071e-01 5.631116751501934886e-02
1.296420759999999950e-01 5.603920747250802636e-02
1.299242130000000106e-01 5.576849563766213269e-02
1.302063509999999980e-01 5.549906747653497729e-02
1.304884880000000136e-01 5.523094877440767186e-02
1.307706250000000014e-01 5.496411001333725843e-02
1.310527629999999888e-01 5.469851046580840453e-02
1.313349000000000044e-01 5.443413177896800487e-02
1.316170369999999923e-01 5.417097032226252107e-02
1.318991740000000079e-01 5.390902732726425561e-02
1.321813119999999953e-01 5.364831411027001784e-02
1.324634490000000109e-01 5.338884498611817103e-02
1.327455859999999987e-01 5.313059789594596488e-02
1.330277229999999866e-01 5.287352440867278125e-02
1.333098610000000017e-01 5.261758822112952427e-02
1.335919979999999896e-01 5.236279703596731505e-02
1.338741350000000052e-01 5.210916467450692202e-02
1.341562719999999931e-01 5.185672221057018721e-02
1.344384100000000082e-01 5.160551178499907937e-02
1.347205469999999961e-01 5.135553897909886367e-02
1.350026840000000117e-01 5.110670100890880169e-02
1.352848219999999990e-01 5.085888856663565299e-02
1.355669589999999869e-01 5.061212774279888471e-02
1.358490960000000025e-01 5.036653016026699375e-02
1.361312329999999904e-01 5.012215708227289040e-02
1.364133710000000055e-01 4.987894206396009666e-02
1.366955079999999934e-01 4.963680844384894819e-02
1.369776450000000090e-01 4.939573880698033131e-02
1.372597819999999968e-01 4.915575377716789596e-02
1.375419200000000119e-01 4.891687299718353726e-02
1.378240569999999998e-01 4.867911725658647520e-02
1.381061939999999877e-01 4.844249859028482152e-02
1.383883320000000028e-01 4.820697305594159182e-02
1.386704689999999907e-01 4.797246921567842326e-02
1.389526060000000063e-01 4.773895956807244073e-02
1.392347429999999942e-01 4.750650828955393229e-02
1.395168810000000092e-01 4.727517846304302856e-02
1.397990179999999971e-01 4.704494792160335975e-02
1.400811550000000127e-01 4.681574959074535219e-02
1.403632920000000006e-01 4.658755502710024143e-02
1.406454299999999880e-01 4.636040176207129049e-02
1.409275670000000036e-01 4.613432960250650472e-02
1.412097039999999915e-01 4.590932608160220446e-02
1.414918420000000066e-01 4.568535683781586171e-02
1.417739789999999944e-01 4.546239136167418149e-02
1.420561160000000100e-01 4.524039924104847343e-02
1.423382529999999979e-01 4.501936071529148709e-02
1.426203910000000130e-01 4.479931710528787386e-02
1.429025280000000009e-01 4.458033544284376731e-02
1.431846649999999888e-01 4.436242816842993902e-02
1.434668020000000044e-01 4.414553366387943822e-02
1.437489399999999917e-01 4.392959682082868411e-02
1.440310770000000073e-01 4.371463923054516587e-02
1.443132139999999952e-01 4.350070527187002017e-02
1.445953520000000103e-01 4.328779013146423493e-02
1.448774889999999982e-01 4.307582751698614543e-02
1.451596260000000138e-01 4.286476403079061970e-02
1.454417630000000017e-01 4.265464568404292445e-02
1.457239009999999890e-01 4.244554695994467997e-02
1.460060380000000047e-01 4.223747994446450105e-02
1.462881749999999925e-01 4.203037874245935807e-02
1.465703120000000081e-01 4.182418796605880812e-02
1.468524499999999955e-01 4.161891536432690136e-02
1.471345870000000111e-01 4.141458832656544353e-02
1.474167239999999990e-01 4.121121563770416968e-02
1.476988619999999863e-01 4.100878866218924529e-02
1.479809990000000020e-01 4.080730088761055224e-02
1.482631359999999898e-01 4.060674694531557494e-02
1.485452730000000054e-01 4.040712337423747053e-02
1.488274109999999928e-01 4.020843360959937274e-02
1.491095480000000084e-01 4.001069050581464864e-02
1.493916849999999963e-01 3.981389738063361577e-02
1.496738220000000119e-01 3.961803036473718342e-02
1.499559599999999993e-01 3.942305994320783463e-02
1.502380969999999871e-01 3.922898306183033451e-02
1.505202340000000027e-01 3.903581583706597358e-02
1.508023719999999901e-01 3.884356729871615843e-02
1.510845090000000057e-01 3.865222330059815692e-02
1.513666459999999936e-01 3.846176355417497278e-02
1.516487830000000092e-01 3.827218373095740006e-02
1.519309209999999966e-01 3.808349088527029913e-02
1.522130580000000122e-01 3.789569272301485103e-02
1.524951950000000001e-01 3.770879008704040164e-02
1.527773319999999879e-01 3.752278383016541957e-02
1.530594700000000030e-01 3.733767697895137849e-02
1.533416069999999909e-01 3.715347651199201601e-02
1.536237440000000065e-01 3.697017172332900392e-02
1.539058809999999944e-01 3.678771176309465069e-02
1.541880190000000095e-01 3.660604520241630966e-02
1.544701559999999974e-01 3.642519909884290447e-02
1.547522930000000130e-01 3.624524785519940562e-02
1.550344310000000003e-01 3.606623015211737199e-02
1.553165679999999882e-01 3.588810157968190528e-02
1.555987050000000038e-01 3.571080799067904987e-02
1.558808419999999917e-01 3.553433876354806370e-02
1.561629800000000068e-01 3.535870762266419415e-02
1.564451169999999947e-01 3.518392371187525902e-02
1.567272540000000103e-01 3.500998017398097850e-02
1.570093909999999982e-01 3.483687011776761405e-02
1.572915290000000132e-01 3.466459600836162280e-02
1.575736660000000011e-01 3.449316729806849863e-02
1.578558029999999890e-01 3.432258238535489114e-02
1.581379410000000041e-01 3.415282222310443705e-02
1.584200779999999920e-01 3.398387084373274969e-02
1.587022150000000076e-01 3.381573576172428042e-02
1.589843519999999955e-01 3.364843684687193748e-02
1.592664900000000106e-01 3.348197547431306514e-02
1.595486269999999984e-01 3.331632423222381789e-02
1.598307639999999863e-01 3.315145668501379844e-02
1.601129010000000019e-01 3.298738689223159465e-02
1.603950389999999893e-01 3.282414485969527979e-02
1.606771760000000049e-01 3.266173428042529886e-02
1.609593129999999928e-01 3.250011395100661088e-02
1.612414510000000079e-01 3.233924725143812184e-02
1.615235879999999957e-01 3.217915031291580102e-02
1.618057250000000113e-01 3.201985659739912254e-02
1.620878619999999992e-01 3.186137827072943463e-02
1.623699999999999866e-01 3.170369652482866313e-02
1.626521370000000022e-01 3.154679624637192481e-02
1.629342739999999901e-01 3.139068414414418473e-02
1.632164110000000057e-01 3.123537471689572312e-02
1.634985489999999930e-01 3.108085208542002778e-02
1.637806860000000087e-01 3.092706451711063967e-02
1.640628229999999965e-01 3.077397494455990853e-02
1.643449610000000116e-01 3.062163816468976493e-02
1.646270979999999995e-01 3.047013600557263446e-02
1.649092349999999874e-01 3.031946772423309636e-02
1.651913720000000030e-01 3.016954099909949921e-02
1.654735099999999903e-01 3.002028390776605507e-02
1.657556470000000060e-01 2.987173978061595167e-02
1.660377839999999938e-01 2.972397930080444145e-02
1.663199210000000094e-01 2.957702022695316360e-02
1.666020589999999968e-01 2.943082470201181799e-02
1.668841960000000124e-01 2.928535995895322624e-02
1.671663330000000003e-01 2.914061540783147858e-02
1.674484709999999876e-01 2.899658693986139138e-02
1.677306080000000033e-01 2.885328557434139324e-02
1.680127449999999911e-01 2.871073349395319996e-02
1.682948820000000067e-01 2.856894328967006860e-02
1.685770199999999941e-01 2.842789005592366580e-02
1.688591570000000097e-01 2.828754335091730743e-02
1.691412939999999976e-01 2.814788924407832932e-02
1.694234310000000132e-01 2.800892954372985466e-02
1.697055690000000006e-01 2.787067479436872858e-02
1.699877059999999884e-01 2.773316431767615386e-02
1.702698430000000041e-01 2.759643618160721040e-02
1.705519799999999919e-01 2.746045327374524447e-02
1.708341180000000070e-01 2.732512011727410151e-02
1.711162549999999949e-01 2.719038641613599414e-02
1.713983920000000105e-01 2.705632682551306969e-02
1.716805299999999979e-01 2.692303011054532694e-02
1.719626670000000135e-01 2.679048618792425132e-02
1.722448040000000014e-01 2.665861419256905160e-02
1.725269409999999892e-01 2.652737083948907351e-02
1.728090790000000043e-01 2.639680888404693018e-02
1.730912159999999922e-01 2.626698994242452137e-02
1.733733530000000078e-01 2.613789155682611637e-02
1.736554899999999957e-01 2.600944013803695859e-02
1.739376280000000108e-01 2.588160221762192750e-02
1.742197649999999987e-01 2.575443883850991530e-02
1.745019019999999865e-01 2.562801339764380487e-02
1.747840400000000016e-01 2.550230107479680222e-02
1.750661769999999895e-01 2.537722875702415337e-02
1.753483140000000051e-01 2.525275877704928618e-02
1.756304509999999930e-01 2.512892959765821235e-02
1.759125890000000081e-01 2.500578224033744509e-02
1.761947259999999960e-01 2.488330607016187371e-02
1.764768630000000116e-01 2.476146243449479575e-02
1.767589999999999995e-01 2.464024234208372910e-02
1.770411379999999868e-01 2.451969014352762405e-02
1.773232750000000024e-01 2.439984698165724095e-02
1.776054119999999903e-01 2.428067509686724842e-02
1.778875500000000054e-01 2.416210177073179616e-02
1.781696869999999933e-01 2.404410295405791376e-02
1.784518240000000089e-01 2.392673179854645088e-02
1.787339609999999968e-01 2.381003817355654625e-02
1.790160990000000119e-01 2.369399725343070834e-02
1.792982359999999997e-01 2.357855556263372884e-02
1.795803729999999876e-01 2.346370003182188593e-02
1.798625100000000032e-01 2.334948017982118804e-02
1.801446479999999906e-01 2.323593733649971863e-02
1.804267850000000062e-01 2.312303714511450975e-02
1.807089219999999941e-01 2.301071671925335876e-02
1.809910600000000092e-01 2.289896169798077627e-02
1.812731969999999970e-01 2.278782434656866085e-02
1.815553340000000127e-01 2.267734783233902804e-02
1.818374710000000005e-01 2.256750899695993823e-02
1.821196089999999879e-01 2.245826288587144184e-02
1.824017460000000035e-01 2.234958996843698989e-02
1.826838829999999914e-01 2.224149916479238598e-02
1.829660200000000070e-01 2.213400002284626397e-02
1.832481579999999943e-01 2.202709431785558961e-02
1.835302950000000100e-01 2.192078279545701253e-02
1.838124319999999978e-01 2.181506582442091849e-02
1.840945700000000129e-01 2.170994462292020338e-02
1.843767070000000008e-01 2.160541785847863022e-02
1.846588439999999887e-01 2.150146735575439796e-02
1.849409810000000043e-01 2.139807240373665931e-02
1.852231189999999916e-01 2.129524082558622092e-02
1.855052560000000073e-01 2.119301045519548024e-02
1.857873929999999951e-01 2.109140279596894221e-02
1.860695300000000107e-01 2.099037732878519802e-02
1.863516679999999981e-01 2.088988050750403835e-02
1.866338050000000137e-01 2.078990011653491718e-02
1.869159420000000016e-01 2.069045936993153118e-02
1.871980799999999889e-01 2.059158049253912923e-02
1.874802170000000046e-01 2.049327893083125601e-02
1.877623539999999924e-01 2.039556654116580353e-02
1.880444910000000081e-01 2.029844089002335802e-02
1.883266289999999954e-01 2.020188717887333799e-02
1.886087660000000110e-01 2.010588635715414643e-02
1.888909029999999989e-01 2.001040348096039950e-02
1.891730399999999868e-01 1.991540467905346390e-02
1.894551780000000019e-01 1.982090579949702391e-02
1.897373149999999897e-01 1.972696085937116969e-02
1.900194520000000054e-01 1.963360248152110424e-02
1.903015889999999932e-01 1.954080608363838525e-02
1.905837270000000083e-01 1.944853884025276106e-02
1.908658639999999962e-01 1.935679002899473589e-02
1.911480010000000118e-01 1.926556214451081647e-02
1.914301389999999992e-01 1.917485760225807329e-02
1.917122759999999870e-01 1.908467893094749346e-02
1.919944130000000027e-01 1.899502721600021884e-02
1.922765499999999905e-01 1.890590009599456625e-02
1.925586880000000056e-01 1.881729261822335381e-02
1.928408249999999935e-01 1.872920298473579673e-02
1.931229620000000091e-01 1.864163335355341691e-02
1.934050989999999970e-01 1.855458556787254257e-02
1.936872370000000121e-01 1.846804916599547458e-02
1.939693740000000000e-01 1.838200801748790525e-02
1.942515109999999878e-01 1.829644395086565956e-02
1.945336490000000029e-01 1.821133673427226610e-02
1.948157859999999908e-01 1.812667435233334887e-02
1.950979230000000064e-01 1.804250646315246759e-02
1.953800599999999943e-01 1.795891324300735031e-02
1.956621980000000094e-01 1.787591160747823218e-02
1.959443349999999973e-01 1.779340744854763373e-02
1.962264720000000129e-01 1.771131068533093531e-02
1.965086090000000008e-01 1.762965150850155302e-02
1.967907469999999881e-01 1.754851227987951762e-02
1.970728840000000037e-01 1.746791733350598966e-02
1.973550209999999916e-01 1.738779558034097075e-02
1.976371590000000067e-01 1.730808100779051076e-02
1.979192959999999946e-01 1.722879651447624394e-02
1.982014330000000102e-01 1.714999878282178619e-02
1.984835699999999981e-01 1.707171706235942332e-02
1.987657080000000132e-01 1.699394013018926813e-02
1.990478450000000010e-01 1.691665269626560844e-02
1.993299819999999889e-01 1.683982850948230123e-02
1.996121190000000045e-01 1.676343849574285852e-02
1.998942569999999919e-01 1.668747427976536440e-02
2.001763940000000075e-01 1.661195572163311207e-02
2.004585309999999954e-01 1.653690010680841302e-02
2.007406690000000105e-01 1.646230610985346260e-02
2.010228059999999983e-01 1.638816731035725935e-02
2.013049429999999862e-01 1.631447917670476866e-02
2.015870800000000018e-01 1.624124062235003663e-02
2.018692179999999892e-01 1.616845206153160602e-02
2.021513550000000048e-01 1.609612190475122676e-02
2.024334919999999927e-01 1.602425907480352699e-02
2.027156290000000083e-01 1.595285223689991289e-02
2.029977669999999956e-01 1.588186780173165419e-02
2.032799040000000113e-01 1.581128156848632046e-02
2.035620409999999991e-01 1.574110837512892117e-02
2.038441789999999865e-01 1.567137256993011638e-02
2.041263160000000021e-01 1.560208433832841086e-02
2.044084529999999900e-01 1.553323864359991598e-02
2.046905900000000056e-01 1.546482729248873506e-02
2.049727279999999929e-01 1.539683158824112739e-02
2.052548650000000086e-01 1.532923270343295591e-02
2.055370019999999964e-01 1.526203863872948804e-02
2.058191390000000121e-01 1.519528188037891359e-02
2.061012769999999994e-01 1.512898068823288408e-02
2.063834139999999873e-01 1.506310562150020571e-02
2.066655510000000029e-01 1.499761866582708346e-02
2.069476879999999908e-01 1.493251356792248997e-02
2.072298260000000059e-01 1.486780896533502344e-02
2.075119629999999937e-01 1.480351938262511324e-02
2.077941000000000094e-01 1.473964259115368054e-02
2.080762379999999967e-01 1.467617357160778090e-02
2.083583750000000123e-01 1.461310963510013133e-02
2.086405120000000002e-01 1.455044861049374812e-02
2.089226489999999881e-01 1.448818792435136935e-02
2.092047870000000032e-01 1.442632307127767084e-02
2.094869239999999910e-01 1.436485006582765948e-02
2.097690610000000067e-01 1.430376591389314472e-02
2.100511979999999945e-01 1.424306891360015669e-02
2.103333360000000096e-01 1.418275611635690971e-02
2.106154729999999975e-01 1.412282274138074167e-02
2.108976100000000131e-01 1.406326419870712434e-02
2.111797480000000005e-01 1.400408814656330624e-02
2.114618849999999883e-01 1.394531000532779272e-02
2.117440220000000040e-01 1.388693116540034266e-02
2.120261589999999918e-01 1.382892470855061166e-02
2.123082970000000069e-01 1.377126384705423291e-02
2.125904339999999948e-01 1.371395823833917137e-02
2.128725710000000104e-01 1.365703585792142107e-02
2.131547079999999983e-01 1.360051171224667052e-02
2.134368460000000134e-01 1.354437519197388209e-02
2.137189830000000013e-01 1.348861264453613505e-02
2.140011199999999891e-01 1.343320352007200055e-02
2.142832580000000042e-01 1.337812448129182055e-02
2.145653949999999921e-01 1.332337087100919637e-02
2.148475320000000077e-01 1.326896855647522605e-02
2.151296689999999956e-01 1.321494273655668579e-02
2.154118070000000107e-01 1.316129065731623526e-02
2.156939439999999986e-01 1.310799830068082664e-02
2.159760809999999864e-01 1.305505866895093764e-02
2.162582180000000021e-01 1.300247680486764541e-02
2.165403559999999894e-01 1.295025484603886008e-02
2.168224930000000050e-01 1.289837202037667947e-02
2.171046299999999929e-01 1.284679847629371582e-02
2.173867680000000080e-01 1.279553005730214681e-02
2.176689049999999959e-01 1.274459921678538880e-02
2.179510420000000115e-01 1.269403435679589999e-02
2.182331789999999994e-01 1.264382944454392303e-02
2.185153169999999867e-01 1.259396643257610499e-02
2.187974540000000023e-01 1.254443381919867484e-02
2.190795909999999902e-01 1.249522722418061615e-02
2.193617280000000058e-01 1.244634354701518696e-02
2.196438659999999932e-01 1.239778254140047609e-02
2.199260030000000088e-01 1.234954556401407673e-02
2.202081399999999967e-01 1.230163790928014839e-02
2.204902780000000118e-01 1.225406999661701919e-02
2.207724149999999996e-01 1.220684496912717576e-02
2.210545519999999875e-01 1.215992969538378515e-02
2.213366890000000031e-01 1.211328317564579031e-02
2.216188269999999905e-01 1.206691070031471087e-02
2.219009640000000061e-01 1.202086642218822346e-02
2.221831009999999940e-01 1.197518853976591545e-02
2.224652380000000096e-01 1.192984526767368672e-02
2.227473759999999969e-01 1.188478872737806780e-02
2.230295130000000126e-01 1.184000103884718172e-02
2.233116500000000004e-01 1.179549168769549253e-02
2.235937869999999883e-01 1.175127591404796779e-02
2.238759250000000034e-01 1.170738473310862365e-02
2.241580619999999913e-01 1.166385018590238368e-02
2.244401990000000069e-01 1.162065179037192857e-02
2.247223369999999942e-01 1.157772460255087656e-02
2.250044740000000099e-01 1.153502508217591448e-02
2.252866109999999977e-01 1.149257991496223201e-02
2.255687480000000134e-01 1.145042875393134825e-02
2.258508860000000007e-01 1.140859442259452121e-02
2.261330229999999886e-01 1.136708726731143135e-02
2.264151600000000042e-01 1.132590230856385036e-02
2.266972969999999921e-01 1.128499359789596548e-02
2.269794350000000072e-01 1.124431198035608093e-02
2.272615719999999950e-01 1.120386279267998088e-02
2.275437090000000107e-01 1.116368873953495558e-02
2.278258469999999980e-01 1.112381733844993066e-02
2.281079840000000136e-01 1.108423605559425221e-02
2.283901210000000015e-01 1.104492708341473124e-02
2.286722579999999894e-01 1.100588936613331251e-02
2.289543960000000045e-01 1.096713218389139266e-02
2.292365329999999923e-01 1.092865651636946121e-02
2.295186700000000080e-01 1.089044271950059990e-02
2.298008069999999958e-01 1.085247135910907823e-02
2.300829450000000109e-01 1.081475131044459803e-02
2.303650819999999988e-01 1.077730798653672543e-02
2.306472189999999867e-01 1.074014929435444451e-02
2.309293570000000018e-01 1.070324772050678178e-02
2.312114939999999896e-01 1.066657504064873890e-02
2.314936310000000053e-01 1.063013083134824177e-02
2.317757679999999931e-01 1.059392927831738843e-02
2.320579060000000082e-01 1.055797921169124298e-02
2.323400429999999961e-01 1.052227996987200632e-02
2.326221800000000117e-01 1.048682941379267507e-02
2.329043169999999996e-01 1.045162530832490638e-02
2.331864549999999869e-01 1.041666528110590968e-02
2.334685920000000026e-01 1.038195395604551118e-02
2.337507289999999904e-01 1.034750662167918320e-02
2.340328670000000055e-01 1.031333400794661424e-02
2.343150039999999934e-01 1.027940898573802102e-02
2.345971410000000090e-01 1.024568860858369318e-02
2.348792779999999969e-01 1.021215741012000168e-02
2.351614160000000120e-01 1.017884106517930563e-02
2.354435529999999999e-01 1.014576604202370100e-02
2.357256899999999877e-01 1.011294047226893138e-02
2.360078270000000034e-01 1.008036564786296378e-02
2.362899649999999907e-01 1.004803298099044180e-02
2.365721020000000063e-01 1.001592094863698081e-02
2.368542389999999942e-01 9.984010987393824449e-03
2.371363770000000093e-01 9.952307470817619781e-03
2.374185139999999972e-01 9.920822573198741223e-03
2.377006510000000128e-01 9.889560230791325651e-03
2.379827880000000007e-01 9.858514750320951717e-03
2.382649259999999880e-01 9.827681369281774867e-03
2.385470630000000036e-01 9.797063533550195297e-03
2.388291999999999915e-01 9.766666338313525000e-03
2.391113370000000071e-01 9.736484065614494851e-03
2.393934749999999945e-01 9.706498701788707911e-03
2.396756120000000101e-01 9.676698291998813220e-03
2.399577489999999980e-01 9.647097918080684703e-03
2.402398870000000131e-01 9.617719153921821737e-03
2.405220240000000009e-01 9.588564182203527381e-03
2.408041609999999888e-01 9.559614954868546344e-03
2.410862980000000044e-01 9.530857797136778678e-03
2.413684359999999918e-01 9.502298646509234337e-03
2.416505730000000074e-01 9.473947746537257283e-03
2.419327099999999953e-01 9.445800994038685422e-03
2.422148470000000109e-01 9.417841528129954412e-03
2.424969849999999982e-01 9.390055285483228653e-03
2.427791220000000139e-01 9.362440014500263488e-03
2.430612590000000017e-01 9.334996689069499295e-03
2.433433959999999896e-01 9.307744231990659062e-03
2.436255340000000047e-01 9.280716264907118429e-03
2.439076709999999926e-01 9.253928543108753957e-03
2.441898080000000082e-01 9.227339708376129657e-03
2.444719459999999955e-01 9.200900634738910441e-03
2.447540830000000112e-01 9.174606344182765702e-03
2.450362199999999990e-01 9.148484499802283024e-03
2.453183569999999869e-01 9.122553995060527290e-03
2.456004950000000020e-01 9.096807195295346024e-03
2.458826319999999899e-01 9.071232921863028875e-03
2.461647690000000055e-01 9.045827988257216720e-03
2.464469059999999934e-01 9.020594912410114311e-03
2.467290440000000085e-01 8.995535631601471460e-03
2.470111809999999963e-01 8.970650878781682991e-03
2.472933180000000120e-01 8.945941325224375865e-03
2.475754559999999993e-01 8.921412283607982677e-03
2.478575929999999872e-01 8.897072112707963415e-03
2.481397300000000028e-01 8.872916454932070970e-03
2.484218669999999907e-01 8.848913481996983910e-03
2.487040050000000058e-01 8.825031444648160847e-03
2.489861419999999936e-01 8.801275471830695071e-03
2.492682790000000093e-01 8.777670704555397968e-03
2.495504159999999971e-01 8.754238696319529070e-03
2.498325540000000122e-01 8.730993200148853481e-03
2.501146910000000001e-01 8.707943203249562253e-03
2.503968280000000157e-01 8.685063020301234463e-03
2.506789660000000031e-01 8.662310052461243137e-03
2.509611030000000187e-01 8.639667617990998832e-03
2.512432399999999788e-01 8.617164973392132596e-03
2.515253769999999944e-01 8.594832464305564648e-03
2.518075149999999818e-01 8.572672266632231849e-03
2.520896519999999974e-01 8.550674178197728570e-03
2.523717890000000130e-01 8.528828892916577933e-03
2.526539259999999731e-01 8.507129110323072285e-03
2.529360640000000160e-01 8.485567120890449844e-03
2.532182009999999761e-01 8.464132101854003609e-03
2.535003379999999917e-01 8.442812039848354710e-03
2.537824759999999791e-01 8.421614914236371513e-03
2.540646129999999947e-01 8.400578131582434743e-03
2.543467500000000103e-01 8.379731793361750933e-03
2.546288870000000260e-01 8.359051157555299691e-03
2.549110250000000133e-01 8.338492083958353590e-03
2.551931619999999734e-01 8.318033861314421545e-03
2.554752989999999890e-01 8.297686264077969859e-03
2.557574360000000047e-01 8.277460974915919201e-03
2.560395739999999920e-01 8.257368201126037005e-03
2.563217110000000076e-01 8.237417712010015533e-03
2.566038480000000233e-01 8.217612694918089225e-03
2.568859860000000106e-01 8.197948722171026145e-03
2.571681230000000262e-01 8.178419463101001263e-03
2.574502599999999863e-01 8.159010652878852937e-03
2.577323970000000020e-01 8.139706594313353763e-03
2.580145349999999893e-01 8.120511221483731057e-03
2.582966720000000049e-01 8.101450014750002926e-03
2.585788090000000206e-01 8.082543257465955866e-03
2.588609459999999807e-01 8.063786190726871667e-03
2.591430840000000235e-01 8.045166907228435901e-03
2.594252209999999836e-01 8.026660804980430969e-03
2.597073579999999993e-01 8.008230430944949726e-03
2.599894950000000149e-01 7.989856681555031204e-03
2.602716330000000022e-01 7.971589981904895345e-03
2.605537700000000179e-01 7.953493772591194860e-03
2.608359069999999780e-01 7.935569982466091077e-03
2.611180450000000208e-01 7.917766031627063508e-03
2.614001819999999809e-01 7.900042205460595934e-03
2.616823189999999966e-01 7.882406755322575106e-03
2.619644560000000122e-01 7.864876874839110688e-03
2.622465939999999995e-01 7.847452832862582273e-03
2.625287310000000152e-01 7.830121513986675053e-03
2.628108679999999753e-01 7.812878726833722212e-03
2.630930049999999909e-01 7.795748400901214917e-03
2.633751429999999782e-01 7.778757678536892331e-03
2.636572799999999939e-01 7.761907871953140949e-03
2.639394170000000095e-01 7.745181158673329971e-03
2.642215549999999968e-01 7.728559563298739547e-03
2.645036920000000125e-01 7.712026014990257597e-03
2.647858289999999726e-01 7.695565016835870069e-03
2.650679659999999882e-01 7.679180659474536472e-03
2.653501039999999755e-01 7.662889834624460675e-03
2.656322409999999912e-01 7.646706498567952190e-03
2.659143780000000068e-01 7.630636507896682713e-03
2.661965150000000224e-01 7.614683228910230743e-03
2.664786530000000098e-01 7.598835380660290580e-03
2.667607900000000254e-01 7.583073222818261308e-03
2.670429269999999855e-01 7.567387367560289568e-03
2.673250649999999728e-01 7.551791154209103359e-03
2.676072019999999885e-01 7.536298791165893518e-03
2.678893390000000041e-01 7.520903947631717677e-03
2.681714760000000197e-01 7.505589471760857820e-03
2.684536140000000071e-01 7.490346270675182945e-03
2.687357510000000227e-01 7.475181226735835849e-03
2.690178879999999828e-01 7.460104233720293507e-03
2.693000249999999984e-01 7.445136373794850743e-03
2.695821629999999858e-01 7.430303655450614005e-03
2.698643000000000014e-01 7.415598018148842480e-03
2.701464370000000170e-01 7.400951778128874933e-03
2.704285750000000044e-01 7.386305350654246218e-03
2.707107120000000200e-01 7.371699716935641716e-03
2.709928489999999801e-01 7.357218551954272656e-03
2.712749859999999957e-01 7.342891051657244282e-03
2.715571239999999831e-01 7.328660600344327064e-03
2.718392609999999987e-01 7.314474580823446259e-03
2.721213980000000143e-01 7.300352199922676040e-03
2.724035349999999744e-01 7.286339953810584517e-03
2.726856730000000173e-01 7.272440769933663507e-03
2.729678099999999774e-01 7.258595952718378645e-03
2.732499469999999930e-01 7.244757437525099590e-03
2.735320849999999804e-01 7.230964507217940707e-03
2.738142219999999960e-01 7.217285839180103378e-03
2.740963590000000116e-01 7.203737885816990059e-03
2.743784960000000273e-01 7.190270318061686705e-03
2.746606340000000146e-01 7.176840086374414868e-03
2.749427709999999747e-01 7.163463184520887407e-03
2.752249079999999903e-01 7.150173127557837675e-03
2.755070450000000060e-01 7.136978456578809034e-03
2.757891829999999933e-01 7.123858603028960373e-03
2.760713200000000089e-01 7.110796203719025113e-03
2.763534570000000246e-01 7.097794832073033022e-03
2.766355939999999847e-01 7.084863775192475586e-03
2.769177320000000275e-01 7.072006154872491172e-03
2.771998689999999876e-01 7.059218792123737179e-03
2.774820060000000033e-01 7.046500185803237191e-03
2.777641439999999906e-01 7.033857329518360645e-03
2.780462810000000062e-01 7.021298499781680920e-03
2.783284180000000219e-01 7.008811194369572728e-03
2.786105549999999820e-01 6.996363285787953433e-03
2.788926930000000248e-01 6.983935357347279514e-03
2.791748299999999849e-01 6.971556529314082429e-03
2.794569670000000006e-01 6.959264886953817411e-03
2.800212420000000035e-01 6.934946260546533993e-03
2.803033790000000192e-01 6.922884148671907059e-03
2.805855159999999793e-01 6.910877823849624103e-03
2.808676540000000221e-01 6.898925958226667481e-03
2.811497909999999822e-01 6.887025478286350373e-03
2.814319279999999979e-01 6.875171725122483993e-03
2.817140650000000135e-01 6.863365028977929175e-03
2.819962030000000008e-01 6.851619932789486909e-03
2.822783400000000165e-01 6.839951885585175868e-03
2.825604769999999766e-01 6.828353092853791176e-03
2.828426139999999922e-01 6.816799479728951131e-03
2.831247519999999795e-01 6.805278515426999367e-03
2.834068889999999952e-01 6.793808365826649494e-03
2.836890260000000108e-01 6.782409791016122055e-03
2.839711639999999981e-01 6.771079292538293229e-03
2.842533010000000138e-01 6.759798007185712117e-03
2.845354379999999739e-01 6.748553251384240698e-03
2.848175749999999895e-01 6.737347462199284355e-03
2.850997129999999768e-01 6.726186098777786615e-03
2.853818499999999925e-01 6.715084257177595696e-03
2.856639870000000081e-01 6.704062292476835501e-03
2.859461240000000237e-01 6.693122313603053382e-03
2.865103990000000267e-01 6.671344939355342701e-03
2.867925359999999868e-01 6.660479720755471331e-03
2.870746739999999741e-01 6.649663057646749455e-03
2.873568109999999898e-01 6.638914268969832617e-03
2.876389480000000054e-01 6.628231460363507785e-03
2.882032230000000084e-01 6.607031672438139214e-03
2.884853600000000240e-01 6.596478870269506870e-03
2.887674969999999841e-01 6.585948789403881128e-03
2.890496339999999997e-01 6.575470306522310064e-03
2.893317719999999871e-01 6.565069519753567208e-03
2.896139090000000027e-01 6.554733312881436125e-03
2.898960460000000183e-01 6.544432123671218432e-03
2.901781840000000057e-01 6.534150796524545828e-03
2.904603210000000213e-01 6.523896282817199729e-03
2.907424579999999814e-01 6.513676715049458374e-03
2.910245949999999970e-01 6.503496871705859508e-03
2.913067329999999844e-01 6.493360237528758051e-03
2.915888700000000000e-01 6.483271549269351008e-03
2.918710070000000156e-01 6.473237012986330502e-03
2.921531439999999757e-01 6.463259464750816669e-03
2.924352820000000186e-01 6.453322503619421391e-03
2.927174189999999787e-01 6.443403867363113949e-03
2.929995559999999943e-01 6.433500551255587167e-03
2.932816939999999817e-01 6.423633661848184538e-03
2.938459680000000129e-01 6.404052104365936388e-03
2.944102430000000159e-01 6.384597233038002626e-03
2.946923799999999760e-01 6.374920846710901111e-03
2.949745169999999916e-01 6.365294909338369868e-03
2.952566540000000073e-01 6.355725427032809724e-03
2.955387919999999946e-01 6.346215996921764427e-03
2.958209290000000102e-01 6.336753497138121992e-03
2.961030660000000259e-01 6.327307528413262695e-03
2.963852029999999860e-01 6.317857789247038891e-03
2.966673409999999733e-01 6.308425906727852840e-03
2.969494779999999889e-01 6.299042308924989245e-03
2.972316150000000046e-01 6.289708175220226107e-03
2.975137529999999919e-01 6.280397722031586492e-03
2.977958900000000075e-01 6.271096068062260130e-03
2.980780270000000232e-01 6.261829084855399623e-03
2.983601639999999833e-01 6.252629100718112669e-03
2.986423020000000261e-01 6.243487523948270876e-03
2.989244389999999862e-01 6.234361609104530598e-03
2.994887130000000175e-01 6.216092315432777439e-03
2.997708510000000048e-01 6.206997872088017808e-03
3.000529880000000205e-01 6.197956513094485427e-03
3.003351249999999806e-01 6.188975679176136543e-03
3.006172630000000234e-01 6.180054125535625227e-03
3.011815369999999992e-01 6.162288223742343370e-03
3.014636740000000148e-01 6.153411104817527177e-03
3.020279490000000178e-01 6.135697667167455682e-03
3.023100859999999779e-01 6.126878098201067602e-03
3.025922229999999935e-01 6.118093943499471055e-03
3.028743609999999808e-01 6.109354461168932035e-03
3.034386350000000121e-01 6.092036810217111610e-03
3.037207729999999994e-01 6.083423719730942508e-03
3.040029100000000151e-01 6.074799282415821282e-03
3.042850469999999752e-01 6.066176413289133332e-03
3.045671839999999908e-01 6.057592666317747170e-03
3.048493219999999781e-01 6.049066329929878201e-03
3.051314589999999938e-01 6.040576641211626956e-03
3.054135960000000094e-01 6.032100056107230282e-03
3.056957330000000250e-01 6.023629951073302541e-03
3.059778710000000124e-01 6.015168240425581778e-03
3.062600079999999725e-01 6.006720724378879911e-03
3.065421449999999881e-01 5.998299860308908653e-03
3.068242829999999755e-01 5.989917888749148045e-03
3.073885570000000067e-01 5.973288686222577235e-03
3.076706940000000223e-01 5.965035461041000991e-03
3.082349690000000253e-01 5.948550382776808011e-03
3.085171059999999854e-01 5.940309476124459691e-03
3.090813809999999884e-01 5.923927309846733179e-03
3.093635180000000040e-01 5.915785990420902203e-03
3.096456550000000196e-01 5.907663625114882230e-03
3.099277930000000070e-01 5.899558935990045078e-03
3.102099300000000226e-01 5.891474254201859925e-03
3.104920669999999827e-01 5.883414539350554674e-03
3.107742039999999983e-01 5.875388396539927248e-03
3.110563419999999857e-01 5.867401771382150383e-03
3.121848910000000199e-01 5.835637547829818257e-03
3.124670279999999800e-01 5.827703257593390244e-03
3.130313020000000113e-01 5.811924938802981964e-03
3.135955770000000142e-01 5.796309019439868475e-03
3.138777139999999743e-01 5.788505839458706753e-03
3.141598520000000172e-01 5.780712230223439621e-03
3.144419889999999773e-01 5.772950938739136555e-03
3.147241259999999929e-01 5.765225745464656708e-03
3.152884009999999959e-01 5.749827202028675796e-03
3.155705380000000115e-01 5.742145600374410491e-03
3.158526750000000272e-01 5.734483705335770981e-03
3.164169499999999746e-01 5.719233866055161396e-03
3.166990869999999902e-01 5.711648206107052157e-03
3.169812240000000059e-01 5.704083365027239755e-03
3.172633619999999932e-01 5.696532954691777700e-03
3.175454990000000088e-01 5.688994678975134098e-03
3.181097729999999846e-01 5.673958393602143713e-03
3.183919110000000274e-01 5.666463341701567270e-03
3.189561850000000032e-01 5.651537638387590066e-03
3.195204600000000061e-01 5.636767374722169086e-03
3.198025970000000218e-01 5.629419719540684069e-03
3.200847339999999819e-01 5.622056265193439532e-03
3.203668720000000247e-01 5.614683921537441495e-03
3.206490089999999848e-01 5.607334970480147042e-03
3.212132830000000161e-01 5.592765726679040268e-03
3.214954210000000034e-01 5.585529284745289515e-03
3.217775580000000191e-01 5.578302810512782151e-03
3.220596949999999792e-01 5.571062687152339259e-03
3.223418319999999948e-01 5.563803170882302210e-03
3.229061069999999978e-01 5.549358630620785521e-03
3.231882440000000134e-01 5.542202771259775208e-03
3.234703820000000007e-01 5.535064057963600195e-03
3.237525190000000164e-01 5.527930801009624424e-03
3.240346559999999765e-01 5.520818449220608881e-03
3.248810679999999951e-01 5.499638483773897947e-03
3.254453420000000263e-01 5.485538627011813002e-03
3.262917539999999894e-01 5.464602924900471143e-03
3.268560289999999924e-01 5.450673127969723857e-03
3.271381660000000080e-01 5.443757328754779933e-03
3.274203030000000236e-01 5.436871664103737518e-03
3.277024410000000110e-01 5.429993778221702504e-03
3.279845780000000266e-01 5.423115586977274999e-03
3.282667149999999867e-01 5.416249308794684851e-03
3.291131270000000053e-01 5.395777842923230386e-03
3.296774020000000083e-01 5.382220358444301210e-03
