# q  I_recon
3.245493999999999810e-03 9.947597823574877429e-01
3.527709999999999874e-03 9.938129123675298882e-01
3.809926999999999845e-03 9.927885643389441350e-01
4.092143999999999816e-03 9.916870544506789509e-01
4.374361000000000221e-03 9.905087010873973030e-01
4.656577999999999759e-03 9.892538978325754462e-01
4.938795000000000164e-03 9.879230934977104583e-01
5.221011000000000228e-03 9.865167413700021148e-01
5.503227999999999766e-03 9.850352745450634551e-01
5.785445000000000171e-03 9.834791455262742454e-01
6.067661999999999708e-03 9.818488673559344626e-01
6.349879000000000114e-03 9.801449963236947838e-01
6.632095999999999651e-03 9.783680810314623333e-01
6.914311999999999715e-03 9.765186566091621501e-01
7.196529000000000120e-03 9.745972451479274490e-01
7.478745999999999658e-03 9.726044895536236634e-01
7.760963000000000063e-03 9.705410865110379870e-01
8.043180000000000468e-03 9.684077101956591882e-01
8.325397000000000006e-03 9.662049850460613376e-01
8.607613999999999543e-03 9.639335406095355108e-01
8.889829999999999607e-03 9.615941198671575929e-01
9.172046999999999145e-03 9.591874968076351538e-01
9.454264000000000417e-03 9.567144424452774798e-01
9.736480999999999955e-03 9.541756655333168968e-01
1.001869799999999949e-02 9.515718810990678733e-01
1.030091500000000077e-02 9.489039034071924394e-01
1.058313100000000083e-02 9.461726039872025984e-01
1.086534800000000037e-02 9.433788074381659339e-01
1.114756499999999990e-02 9.405233361740398257e-01
1.142978199999999944e-02 9.376070125573409131e-01
1.171199900000000071e-02 9.346307478417483772e-01
1.199421600000000025e-02 9.315954905382045625e-01
1.227643200000000032e-02 9.285021391436006910e-01
1.255864899999999985e-02 9.253514643954570129e-01
1.284086599999999939e-02 9.221442921353880662e-01
1.312308300000000066e-02 9.188816274714205479e-01
1.340530000000000020e-02 9.155645467759931933e-01
1.368751699999999974e-02 9.121940368286418632e-01
1.396973299999999980e-02 9.087709714783788195e-01
1.425194999999999934e-02 9.052962059786328064e-01
1.453416700000000061e-02 9.017707821389184808e-01
1.481638400000000015e-02 8.981957790700577648e-01
1.509860099999999969e-02 8.945721922499727530e-01
1.538081799999999923e-02 8.909009119369987184e-01
1.566303399999999929e-02 8.871828674424597772e-01
1.594525100000000056e-02 8.834191079060875751e-01
1.622746799999999837e-02 8.796107679442728422e-01
1.650968499999999964e-02 8.757588874385976441e-01
1.679190200000000091e-02 8.718644136346428430e-01
1.707411899999999871e-02 8.679283151642512850e-01
1.735633500000000051e-02 8.639516898736409045e-01
1.763855199999999832e-02 8.599356207447488298e-01
1.792076899999999959e-02 8.558811401752770553e-01
1.820298600000000086e-02 8.517891715353465010e-01
1.848520299999999866e-02 8.476606723501144414e-01
1.876741999999999994e-02 8.434967491929439287e-01
1.904963600000000173e-02 8.392985549572159476e-01
1.933185299999999954e-02 8.350671034059560238e-01
1.961407000000000081e-02 8.308033655973762199e-01
1.989628699999999861e-02 8.265083355245759211e-01
2.017850399999999988e-02 8.221831485534331074e-01
2.046072100000000116e-02 8.178289587711516928e-01
2.074293799999999896e-02 8.134467220677010779e-01
2.102515400000000076e-02 8.090372447642976139e-01
2.130737099999999856e-02 8.046013768581085079e-01
2.158958799999999983e-02 8.001403086091227745e-01
2.187180500000000111e-02 7.956552589250081020e-01
2.215402199999999891e-02 7.911472753623779441e-01
2.243623900000000018e-02 7.866172766180314913e-01
2.271845499999999851e-02 7.820662184626485658e-01
2.300067199999999978e-02 7.774950740628163715e-01
2.328288900000000106e-02 7.729048701924493558e-01
2.356510599999999886e-02 7.682965442260443201e-01
2.384732300000000013e-02 7.636709839848191406e-01
2.412954000000000140e-02 7.590291261880600659e-01
2.441175599999999973e-02 7.543720459080711649e-01
2.469397300000000101e-02 7.497007728301047225e-01
2.497618999999999881e-02 7.450162337033616744e-01
2.525840700000000008e-02 7.403192460720739998e-01
2.554062400000000135e-02 7.356106868685561295e-01
2.582284099999999916e-02 7.308915658809733706e-01
2.610505700000000096e-02 7.261629104807102442e-01
2.638727399999999876e-02 7.214255398471656200e-01
2.666949100000000003e-02 7.166802372311732450e-01
2.695170800000000130e-02 7.119278307792503702e-01
2.723392499999999911e-02 7.071692713408971320e-01
2.751614200000000038e-02 7.024055099265401614e-01
2.779835799999999871e-02 6.976373978920793473e-01
2.808057499999999998e-02 6.928656789736663546e-01
2.836279200000000125e-02 6.880911927181782017e-01
2.864500899999999906e-02 6.833148420516380606e-01
2.892722600000000033e-02 6.785375125639030447e-01
2.920944300000000160e-02 6.737599043765681861e-01
2.949165899999999993e-02 6.689826543701230532e-01
2.977387600000000120e-02 6.642064612002135382e-01
3.005609299999999900e-02 6.594322533830969668e-01
3.033831000000000028e-02 6.546609291191026747e-01
3.062052700000000155e-02 6.498931986402763927e-01
3.090274399999999935e-02 6.451296989097745627e-01
3.118496000000000115e-02 6.403711333797408312e-01
3.146717699999999895e-02 6.356182260856304556e-01
3.174939400000000023e-02 6.308717371921617190e-01
3.203161100000000150e-02 6.261322966788411826e-01
3.231382800000000277e-02 6.214004963173676011e-01
3.259604499999999710e-02 6.166769958882306613e-01
3.287826099999999890e-02 6.119625594926858536e-01
3.316047800000000018e-02 6.072578780348402150e-01
3.344269500000000145e-02 6.025635469046657366e-01
3.372491200000000272e-02 5.978801011250636233e-01
3.400712899999999705e-02 5.932081421929841225e-01
3.428934599999999833e-02 5.885483488455462986e-01
3.457156200000000013e-02 5.839013796497732889e-01
3.485377900000000140e-02 5.792676603416782033e-01
3.513599600000000267e-02 5.746476198739741692e-01
3.541821299999999700e-02 5.700417998478890524e-01
3.570042999999999828e-02 5.654508772546199546e-01
3.598264699999999955e-02 5.608754849872438220e-01
3.626486400000000082e-02 5.563160548685925910e-01
3.654708000000000262e-02 5.517729901701533546e-01
3.682929699999999695e-02 5.472467589631794249e-01
3.711151399999999823e-02 5.427379846312918588e-01
3.739373099999999950e-02 5.382472127677807583e-01
3.767594800000000077e-02 5.337747558009758864e-01
3.795816500000000204e-02 5.293208837167163727e-01
3.824038099999999690e-02 5.248860426893340314e-01
3.852259799999999818e-02 5.204707688342916638e-01
3.880481499999999945e-02 5.160755959240344026e-01
3.908703200000000072e-02 5.117008720896677465e-01
3.936924900000000199e-02 5.073469156100032240e-01
3.965146600000000326e-02 5.030140975138942538e-01
3.993368199999999812e-02 4.987028446631164846e-01
4.021589899999999940e-02 4.944135041584606927e-01
4.049811600000000067e-02 4.901463706292866762e-01
4.078033300000000194e-02 4.859017121907536207e-01
4.106255000000000321e-02 4.816798733883791983e-01
4.134476699999999755e-02 4.774812516944330620e-01
4.162698299999999935e-02 4.733062015340789852e-01
4.190920000000000062e-02 4.691548853399790664e-01
4.219141700000000189e-02 4.650274988118192621e-01
4.247363400000000316e-02 4.609243523755449101e-01
4.275585099999999750e-02 4.568458371456395328e-01
4.303806799999999877e-02 4.527922699912644289e-01
4.332028400000000057e-02 4.487638125983562376e-01
4.360250100000000184e-02 4.447605697924140178e-01
4.388471800000000311e-02 4.407827766607614328e-01
4.416693499999999745e-02 4.368307028900954014e-01
4.444915199999999872e-02 4.329045842253173015e-01
4.473136899999999999e-02 4.290045870179780563e-01
4.501358500000000179e-02 4.251308908852183266e-01
4.529580200000000306e-02 4.212837015805311891e-01
4.557801899999999740e-02 4.174632988462950167e-01
4.586023599999999867e-02 4.136698328050325557e-01
4.614245299999999994e-02 4.099032438025626002e-01
4.642467000000000121e-02 4.061634876873614908e-01
4.670688600000000301e-02 4.024508144137795007e-01
4.698910299999999735e-02 3.987655597553624864e-01
4.727131999999999862e-02 3.951079565043876807e-01
4.755353699999999989e-02 3.914779916909345014e-01
4.783575400000000116e-02 3.878756474343460492e-01
4.811797100000000244e-02 3.843010141919703804e-01
4.840018699999999729e-02 3.807542378900526936e-01
4.868240399999999857e-02 3.772353758269240687e-01
4.896462099999999984e-02 3.737444482898893972e-01
4.924683800000000111e-02 3.702814725005267871e-01
4.952905500000000238e-02 3.668465562378578904e-01
4.981127199999999672e-02 3.634398379491153852e-01
5.009348799999999852e-02 3.600613818120154686e-01
5.037570499999999979e-02 3.567111024167643474e-01
5.065792200000000106e-02 3.533889679566070141e-01
5.094013900000000233e-02 3.500950663580402744e-01
5.122235599999999667e-02 3.468295244411753742e-01
5.150457299999999794e-02 3.435923509324460001e-01
5.178678999999999921e-02 3.403834140567254529e-01
5.206900600000000101e-02 3.372026175054130270e-01
5.235122300000000228e-02 3.340499805522715859e-01
5.263343999999999662e-02 3.309255956878726090e-01
5.291565699999999789e-02 3.278294497703089783e-01
5.319787399999999916e-02 3.247614284122614103e-01
5.348009100000000043e-02 3.217214415158175522e-01
5.376230700000000223e-02 3.187095293786557648e-01
5.404452399999999657e-02 3.157257245547999691e-01
5.432674099999999784e-02 3.127699524226484895e-01
5.460895799999999911e-02 3.098419927249706496e-01
5.489117500000000038e-02 3.069416740804987720e-01
5.517339200000000166e-02 3.040690230152696127e-01
5.545560800000000345e-02 3.012241157399067060e-01
5.573782499999999779e-02 2.984069009239845860e-01
5.602004199999999906e-02 2.956172723973975458e-01
5.630225900000000033e-02 2.928551041568591695e-01
5.658447600000000161e-02 2.901202480847372978e-01
5.686669300000000288e-02 2.874125540848662674e-01
5.714890899999999774e-02 2.847319201293366797e-01
5.743112599999999901e-02 2.820782462120585699e-01
5.771334300000000028e-02 2.794514637391378731e-01
5.799556000000000155e-02 2.768515004562721038e-01
5.827777700000000283e-02 2.742782780879964299e-01
5.855999399999999716e-02 2.717316240877329370e-01
5.884220999999999896e-02 2.692113078668418868e-01
5.912442700000000023e-02 2.667171305972778628e-01
5.940664400000000150e-02 2.642490745712051670e-01
5.968886100000000278e-02 2.618071237037699062e-01
5.997107799999999711e-02 2.593911019890767222e-01
6.025329499999999838e-02 2.570007312414152034e-01
6.053551100000000018e-02 2.546358130129964259e-01
6.081772800000000145e-02 2.522962920051444735e-01
6.109994500000000273e-02 2.499821438964468234e-01
6.138216199999999706e-02 2.476931575405509345e-01
6.166437899999999833e-02 2.454290196544766933e-01
6.194659599999999960e-02 2.431895261193919577e-01
6.222881200000000140e-02 2.409747083819763491e-01
6.251102899999999574e-02 2.387845650407338649e-01
6.279324599999999701e-02 2.366187896163029214e-01
6.307546299999999828e-02 2.344768994506932491e-01
6.335767999999999955e-02 2.323586141196488375e-01
6.363989700000000083e-02 2.302640303684614365e-01
6.392211300000000263e-02 2.281932493155394703e-01
6.420433000000000390e-02 2.261460126075967025e-01
6.448654700000000517e-02 2.241219288491677897e-01
6.476876400000000644e-02 2.221207273382656555e-01
6.505098099999999384e-02 2.201423520440738135e-01
6.533319799999999511e-02 2.181867427056278785e-01
6.561541399999999691e-02 2.162536790551970178e-01
6.589763099999999818e-02 2.143428520384682012e-01
6.617984799999999945e-02 2.124540358004311513e-01
6.646206500000000073e-02 2.105870917776874462e-01
6.674428200000000200e-02 2.087418791518993455e-01
6.702649900000000327e-02 2.069181970364346868e-01
6.730871600000000454e-02 2.051158227565554326e-01
6.759093200000000634e-02 2.033345634200962315e-01
6.787314899999999374e-02 2.015742390384388516e-01
6.815536599999999501e-02 1.998346814111589542e-01
6.843758299999999628e-02 1.981156657035377522e-01
6.871979999999999755e-02 1.964169516470824217e-01
6.900201699999999883e-02 1.947383412138906367e-01
6.928423300000000062e-02 1.930796936846459755e-01
6.956645000000000190e-02 1.914408358217298267e-01
6.984866700000000317e-02 1.898215267096614034e-01
7.013088400000000444e-02 1.882214967325157584e-01
7.041310100000000571e-02 1.866405428873066097e-01
7.069531799999999311e-02 1.850785353935004152e-01
7.097753399999999491e-02 1.835353288551859752e-01
7.125975099999999618e-02 1.820106572304540649e-01
7.154196799999999745e-02 1.805042471683845628e-01
7.182418499999999872e-02 1.790159026411288490e-01
7.210640200000000000e-02 1.775455097896590784e-01
7.238861900000000127e-02 1.760929296485204132e-01
7.267083500000000307e-02 1.746579213231673477e-01
7.295305200000000434e-02 1.732402074877449072e-01
7.323526900000000561e-02 1.718395978717132400e-01
7.351748600000000688e-02 1.704559613481694269e-01
7.379970299999999428e-02 1.690891393966190703e-01
7.408191999999999555e-02 1.677388748961385068e-01
7.436413599999999735e-02 1.664049008768959947e-01
7.464635299999999862e-02 1.650870314827440344e-01
7.492856999999999990e-02 1.637851719945931928e-01
7.521078700000000117e-02 1.624991743368457975e-01
7.549300400000000244e-02 1.612287400247695290e-01
7.577522100000000371e-02 1.599735556611106002e-01
7.605743700000000551e-02 1.587334886399641432e-01
7.633965400000000678e-02 1.575085215490247270e-01
7.662187099999999418e-02 1.562985516035064470e-01
7.690408799999999545e-02 1.551032034720643549e-01
7.718630499999999672e-02 1.539220802892304618e-01
7.746852199999999800e-02 1.527550498352982511e-01
7.775073799999999979e-02 1.516021572988675292e-01
7.803295500000000107e-02 1.504633308483345755e-01
7.831517200000000234e-02 1.493382562751877640e-01
7.859738900000000361e-02 1.482265959892131724e-01
7.887960600000000488e-02 1.471281932269222215e-01
7.916182300000000616e-02 1.460429976419777010e-01
7.944403899999999408e-02 1.449708921485959034e-01
7.972625599999999535e-02 1.439115961778984765e-01
8.000847299999999662e-02 1.428648343649954466e-01
8.029068999999999789e-02 1.418304462776064923e-01
8.057290699999999917e-02 1.408083342558117679e-01
8.085512400000000044e-02 1.397983680612472634e-01
8.113734000000000224e-02 1.388003580249874414e-01
8.141955700000000351e-02 1.378141020543141304e-01
8.170177400000000478e-02 1.368394499302366119e-01
8.198399100000000606e-02 1.358762672074025624e-01
8.226620799999999345e-02 1.349243937964671181e-01
8.254842499999999472e-02 1.339836256525339664e-01
8.283064099999999652e-02 1.330537653526603914e-01
8.311285799999999779e-02 1.321346590452317227e-01
8.339507499999999907e-02 1.312261853810572920e-01
8.367729200000000034e-02 1.303282071143740117e-01
8.395950900000000161e-02 1.294405675494572361e-01
8.424172600000000288e-02 1.285631090073690863e-01
8.452394300000000416e-02 1.276956779421130894e-01
8.480615900000000595e-02 1.268381252451281638e-01
8.508837599999999335e-02 1.259902854408287975e-01
8.537059299999999462e-02 1.251519921269869107e-01
8.565280999999999589e-02 1.243230856575724685e-01
8.593502699999999717e-02 1.235034641855349419e-01
8.621724399999999844e-02 1.226930441837093683e-01
8.649946000000000024e-02 1.218916961724760550e-01
8.678167700000000151e-02 1.210992213069781442e-01
8.706389400000000278e-02 1.203154384184072362e-01
8.734611100000000405e-02 1.195402265284897236e-01
8.762832800000000533e-02 1.187734830936767461e-01
8.791054500000000660e-02 1.180150854502194369e-01
8.819276099999999452e-02 1.172648909285029517e-01
8.847497799999999579e-02 1.165227527646646721e-01
8.875719499999999706e-02 1.157885540995474971e-01
8.903941199999999834e-02 1.150621810611140022e-01
8.932162899999999961e-02 1.143435136929244617e-01
8.960384600000000088e-02 1.136324258579070184e-01
8.988606200000000268e-02 1.129288015636896875e-01
9.016827900000000395e-02 1.122325478433539164e-01
9.045049600000000523e-02 1.115435837053520840e-01
9.073271300000000650e-02 1.108617696100416272e-01
9.101492999999999389e-02 1.101869146390019316e-01
9.129714699999999516e-02 1.095188540913219766e-01
9.157936299999999696e-02 1.088575216092435433e-01
9.186157999999999824e-02 1.082028624731763561e-01
9.214379699999999951e-02 1.075547985933223150e-01
9.242601400000000078e-02 1.069132243601674664e-01
9.270823100000000205e-02 1.062780287186320533e-01
9.299044800000000333e-02 1.056490863590239665e-01
9.327266400000000512e-02 1.050262738193850354e-01
9.355488100000000640e-02 1.044094946060521167e-01
9.383709799999999379e-02 1.037986838908703802e-01
9.411931499999999506e-02 1.031937613503405710e-01
9.440153199999999634e-02 1.025946090280002443e-01
9.468374899999999761e-02 1.020011047071027882e-01
9.496596499999999941e-02 1.014131535620189650e-01
9.524818200000000068e-02 1.008306715920580660e-01
9.553039900000000195e-02 1.002535937024096463e-01
9.581261600000000322e-02 9.968188258270187230e-02
9.609483300000000450e-02 9.911549618040654819e-02
9.637705000000000577e-02 9.855429441506441401e-02
9.665926599999999369e-02 9.799808016192533555e-02
9.694148299999999496e-02 9.744671420048035826e-02
9.722369999999999624e-02 9.690020346344524471e-02
9.750591699999999751e-02 9.635856219935161338e-02
9.778813399999999878e-02 9.582172004662369014e-02
9.807035100000000005e-02 9.528956074736770476e-02
9.835256700000000185e-02 9.476198947716694965e-02
9.863478400000000312e-02 9.423894479758339326e-02
9.891700100000000440e-02 9.372037315264855617e-02
9.919921800000000567e-02 9.320620092970270665e-02
9.948143499999999306e-02 9.269634556077184506e-02
9.976365199999999434e-02 9.219071841899152686e-02
1.000458679999999961e-01 9.168922215988911661e-02
1.003280849999999974e-01 9.119176415916094292e-02
1.006103019999999987e-01 9.069833704846345934e-02
1.008925190000000000e-01 9.020896560632367389e-02
1.011747360000000012e-01 8.972360769466260211e-02
1.014569530000000025e-01 8.924211568395928884e-02
1.017391690000000043e-01 8.876435024760177817e-02
1.020213860000000056e-01 8.829026794284837443e-02
1.023036030000000068e-01 8.781986953586144729e-02
1.025858199999999942e-01 8.735313356886870162e-02
1.028680369999999955e-01 8.689000937245991429e-02
1.031502539999999968e-01 8.643043563591733258e-02
1.034324699999999986e-01 8.597430520966929668e-02
1.037146869999999999e-01 8.552149189826195597e-02
1.039969040000000011e-01 8.507196404632126618e-02
1.042791210000000024e-01 8.462580296542228375e-02
1.045613380000000037e-01 8.418305738995281173e-02
1.048435550000000049e-01 8.374357593639482344e-02
1.051257720000000062e-01 8.330714869767046060e-02
1.054079879999999941e-01 8.287368370878302193e-02
1.056902049999999954e-01 8.244321858329607677e-02
1.059724219999999967e-01 8.201579192165132925e-02
1.062546389999999980e-01 8.159139167437606810e-02
1.065368559999999992e-01 8.116999064663590890e-02
1.068190730000000005e-01 8.075152400927347596e-02
1.071012890000000023e-01 8.033588925829757144e-02
1.073835060000000036e-01 7.992299859979236365e-02
1.076657230000000048e-01 7.951285131402108242e-02
1.079479400000000061e-01 7.910546338907507857e-02
1.082301569999999935e-01 7.870080561208962766e-02
1.085123739999999948e-01 7.829880633647638699e-02
1.087945899999999966e-01 7.789940299588314632e-02
1.090768069999999978e-01 7.750256144766067001e-02
1.093590239999999991e-01 7.710825906953563957e-02
1.096412410000000004e-01 7.671647375561921334e-02
1.099234580000000017e-01 7.632718503662995480e-02
1.102056750000000029e-01 7.594036418259837717e-02
1.104878910000000047e-01 7.555595786687382964e-02
1.107701080000000060e-01 7.517390545188887274e-02
1.110523249999999934e-01 7.479417736599236477e-02
1.113345419999999947e-01 7.441676328306162658e-02
1.116167589999999959e-01 7.404165041280524884e-02
1.118989759999999972e-01 7.366881765317953579e-02
1.121811919999999990e-01 7.329824351941573168e-02
1.124634090000000003e-01 7.292989931966943618e-02
1.127456260000000016e-01 7.256375800987441282e-02
1.130278430000000028e-01 7.219977598040346056e-02
1.133100600000000041e-01 7.183787181774854702e-02
1.135922770000000054e-01 7.147796711854574603e-02
1.138744929999999933e-01 7.112008164520047804e-02
1.141567099999999946e-01 7.076429122480493161e-02
1.144389269999999958e-01 7.041062430946314066e-02
1.147211439999999971e-01 7.005899218383629390e-02
1.150033609999999984e-01 6.970929782814629105e-02
1.152855779999999997e-01 6.936151468574365542e-02
1.155677940000000015e-01 6.901565668908048179e-02
1.158500110000000027e-01 6.867172793008330389e-02
1.161322280000000040e-01 6.832972302333061021e-02
1.164144450000000053e-01 6.798962913657109752e-02
1.166966620000000066e-01 6.765139421660316954e-02
1.169788789999999939e-01 6.731494706167935604e-02
1.172610949999999957e-01 6.698026398787886027e-02
1.175433119999999970e-01 6.664740104365415863e-02
1.178255289999999983e-01 6.631641209280639271e-02
1.181077459999999996e-01 6.598724303839134664e-02
1.183899630000000008e-01 6.565979237738313323e-02
1.186721800000000021e-01 6.533399616972034030e-02
1.189543960000000039e-01 6.500985252613701582e-02
1.192366130000000052e-01 6.468736498016884606e-02
1.195188300000000065e-01 6.436656239702726046e-02
1.198010469999999938e-01 6.404748055336022261e-02
1.200832639999999951e-01 6.373011803167842604e-02
1.203654809999999964e-01 6.341441939987782495e-02
1.206476979999999977e-01 6.310032841388277247e-02
1.209299139999999995e-01 6.278780980007167556e-02
1.212121310000000007e-01 6.247683294273427557e-02
1.214943480000000020e-01 6.216740383195506342e-02
1.217765650000000033e-01 6.185957087451459530e-02
1.220587820000000046e-01 6.155336750108764826e-02
1.223409990000000058e-01 6.124873511387027986e-02
1.226232149999999937e-01 6.094558863120622810e-02
1.229054319999999950e-01 6.064390019469406701e-02
1.231876489999999963e-01 6.034371651471455433e-02
1.234698659999999976e-01 6.004507157697318992e-02
1.237520829999999988e-01 5.974792749118823521e-02
1.240343000000000001e-01 5.945222739306417481e-02
1.243165160000000019e-01 5.915795447430854254e-02
1.245987330000000032e-01 5.886513035318067383e-02
1.248809500000000045e-01 5.857377664546913054e-02
1.251631669999999918e-01 5.828389303692521617e-02
1.254453839999999931e-01 5.799547260957708256e-02
1.257276009999999944e-01 5.770848031807698092e-02
1.260098169999999962e-01 5.742285509024453588e-02
1.262920339999999975e-01 5.713855289079720901e-02
1.265742509999999987e-01 5.685560900143908636e-02
1.268564680000000000e-01 5.657407195855428811e-02
1.271386850000000013e-01 5.629393781508353761e-02
1.274209020000000026e-01 5.601515709766035495e-02
1.277031180000000044e-01 5.573769495836913140e-02
1.279853350000000056e-01 5.546156220239186613e-02
1.282675520000000069e-01 5.518678096203466499e-02
1.285497690000000082e-01 5.491335171388559561e-02
1.288319860000000094e-01 5.464125875237114266e-02
1.291142030000000107e-01 5.437048185982436971e-02
1.293964190000000125e-01 5.410099011017413528e-02
1.296786360000000138e-01 5.383275073528154958e-02
1.299608529999999873e-01 5.356577453168162584e-02
1.302430699999999886e-01 5.330010001018846422e-02
1.305252869999999898e-01 5.303574648641341815e-02
1.308075039999999911e-01 5.277268276007966719e-02
1.310897199999999929e-01 5.251087250912299387e-02
1.313719369999999942e-01 5.225029820133467867e-02
1.316541539999999955e-01 5.199095882023371806e-02
1.319363709999999967e-01 5.173285737225676723e-02
1.322185879999999980e-01 5.147600766799581562e-02
1.325008049999999993e-01 5.122042129080249528e-02
1.327830210000000011e-01 5.096607375288059877e-02
1.330652380000000023e-01 5.071291684483907047e-02
1.333474550000000036e-01 5.046092264894277979e-02
1.336296720000000049e-01 5.021009882702064803e-02
1.339118890000000062e-01 4.996045988204275007e-02
1.341941060000000074e-01 4.971204097458008925e-02
1.344763220000000092e-01 4.946488820477906029e-02
1.347585390000000105e-01 4.921899061857328700e-02
1.350407560000000118e-01 4.897423977075281848e-02
1.353229730000000131e-01 4.873053496688106723e-02
1.356051899999999866e-01 4.848792329900129816e-02
1.358874069999999878e-01 4.824651897247108495e-02
1.361696239999999891e-01 4.800636568509581564e-02
1.364518399999999909e-01 4.776739095166088883e-02
1.367340569999999922e-01 4.752951886985387620e-02
1.370162739999999935e-01 4.729274391173851622e-02
1.372984909999999947e-01 4.705708766230555506e-02
1.375807079999999960e-01 4.682257046009948021e-02
1.378629249999999973e-01 4.658921066013604201e-02
1.381451409999999991e-01 4.635701744208427233e-02
1.384273580000000003e-01 4.612593894680296069e-02
1.387095750000000016e-01 4.589590559711655832e-02
1.389917920000000029e-01 4.566690564547135067e-02
1.392740090000000042e-01 4.543900597599678098e-02
1.395562260000000054e-01 4.521226181204653777e-02
1.398384420000000072e-01 4.498663854954815244e-02
1.401206590000000085e-01 4.476207080149723072e-02
1.404028760000000098e-01 4.453854255450116068e-02
1.406850930000000111e-01 4.431609377902143154e-02
1.409673100000000123e-01 4.409475712083830296e-02
1.412495270000000136e-01 4.387451497618926471e-02
1.415317429999999876e-01 4.365533582368297943e-02
1.418139599999999889e-01 4.343718631552435927e-02
1.420961769999999902e-01 4.322003598450536305e-02
1.423783939999999915e-01 4.300386943027870862e-02
1.426606109999999927e-01 4.278873714042770449e-02
1.429428279999999940e-01 4.257470380147249100e-02
1.432250439999999958e-01 4.236176882063916183e-02
1.435072609999999971e-01 4.214986435930680175e-02
1.437894779999999983e-01 4.193894298299936929e-02
1.440716949999999996e-01 4.172903382687846024e-02
1.443539120000000009e-01 4.152018067319626637e-02
1.446361290000000022e-01 4.131236644302332256e-02
1.449183450000000040e-01 4.110552073626667913e-02
1.452005620000000052e-01 4.089959923084670462e-02
1.454827790000000065e-01 4.069465912555177145e-02
1.457649960000000078e-01 4.049077240327548372e-02
1.460472130000000091e-01 4.028793308277391072e-02
1.463294300000000103e-01 4.008607271822376555e-02
1.466116460000000121e-01 3.988514352113821382e-02
1.468938630000000134e-01 3.968515924862365402e-02
1.471760799999999869e-01 3.948614592144136792e-02
1.474582969999999882e-01 3.928810849352802614e-02
1.477405139999999895e-01 3.909103721276387805e-02
1.480227309999999907e-01 3.889492342647470763e-02
1.483049469999999925e-01 3.869976290664884494e-02
1.485871639999999938e-01 3.850555069588398188e-02
1.488693809999999951e-01 3.831229262015200393e-02
1.491515979999999963e-01 3.811999944019538178e-02
1.494338149999999976e-01 3.792867099430947964e-02
1.497160319999999989e-01 3.773828132104455058e-02
1.499982480000000007e-01 3.754880404204502531e-02
1.502804650000000020e-01 3.736023737870937389e-02
1.505626820000000032e-01 3.717259709772618992e-02
1.508448990000000045e-01 3.698588799543032352e-02
1.511271160000000058e-01 3.680009285550894099e-02
1.514093330000000071e-01 3.661519349977215149e-02
1.516915490000000089e-01 3.643118859941581883e-02
1.519737660000000101e-01 3.624808338488398618e-02
1.522559830000000114e-01 3.606588325635885772e-02
1.525382000000000127e-01 3.588458945130654221e-02
1.528204169999999862e-01 3.570420311426687060e-02
1.531026339999999875e-01 3.552472770857059009e-02
1.533848509999999887e-01 3.534616751195095857e-02
1.536670669999999905e-01 3.516850579095139734e-02
1.539492839999999918e-01 3.499168730294499596e-02
1.542315009999999931e-01 3.481566732130874503e-02
1.545137179999999943e-01 3.464048474937895389e-02
1.547959349999999956e-01 3.446621329174261172e-02
1.550781519999999969e-01 3.429287734761427009e-02
1.553603679999999987e-01 3.412042664914292922e-02
1.556425850000000000e-01 3.394881028581154397e-02
1.559248020000000012e-01 3.377802517272050775e-02
1.562070190000000025e-01 3.360808480848051505e-02
1.564892360000000038e-01 3.343899358450803244e-02
1.567714530000000051e-01 3.327074335137039651e-02
1.570536690000000069e-01 3.310332779956648430e-02
1.573358860000000081e-01 3.293675054817069708e-02
1.576181030000000094e-01 3.277102058049467109e-02
1.579003200000000107e-01 3.260613337266901612e-02
1.581825370000000119e-01 3.244206841982440193e-02
1.584647540000000132e-01 3.227880988436547527e-02
1.587469699999999873e-01 3.211636976333072380e-02
1.590291869999999885e-01 3.195476572000265775e-02
1.593114039999999898e-01 3.179399432063054198e-02
1.595936209999999911e-01 3.163402606908751608e-02
1.598758379999999923e-01 3.147483947618100186e-02
1.601580549999999936e-01 3.131645306259434047e-02
1.604402709999999954e-01 3.115889510909027049e-02
1.607224879999999967e-01 3.100215725761985147e-02
1.610047049999999980e-01 3.084619759264370376e-02
1.612869219999999992e-01 3.069098584711110050e-02
1.615691390000000005e-01 3.053654410930230906e-02
1.618513560000000018e-01 3.038290546973146725e-02
1.621335720000000036e-01 3.023007534449708572e-02
1.624157890000000048e-01 3.007803186633441206e-02
1.626980060000000061e-01 2.992676125071435864e-02
1.629802230000000074e-01 2.977627417840447363e-02
1.632624400000000087e-01 2.962658431291716188e-02
1.635446570000000099e-01 2.947766732806609419e-02
1.638268730000000117e-01 2.932946826361790618e-02
1.641090900000000130e-01 2.918196026308595217e-02
1.643913069999999865e-01 2.903521024207014745e-02
1.646735239999999878e-01 2.888929487556513367e-02
1.649557409999999891e-01 2.874419192118140426e-02
1.652379579999999903e-01 2.859980598893403433e-02
1.655201739999999921e-01 2.845608134279291671e-02
1.658023909999999934e-01 2.831307055770895115e-02
1.660846079999999947e-01 2.817084083577729714e-02
1.663668249999999960e-01 2.802939601385960600e-02
1.666490419999999972e-01 2.788869803305065592e-02
1.669312589999999985e-01 2.774871709434681769e-02
1.672134750000000003e-01 2.760944556533551433e-02
1.674956920000000016e-01 2.747087905599461533e-02
1.677779090000000028e-01 2.733303086188676803e-02
1.680601260000000041e-01 2.719592342524053061e-02
1.683423430000000054e-01 2.705956336716229538e-02
1.686245600000000067e-01 2.692392299248912851e-02
1.689067770000000079e-01 2.678897236674919816e-02
1.691889930000000097e-01 2.665470243408980117e-02
1.694712100000000110e-01 2.652111384073526160e-02
1.697534270000000123e-01 2.638822218170391865e-02
1.700356440000000136e-01 2.625606845675711523e-02
1.703178609999999871e-01 2.612468582450066037e-02
1.706000779999999883e-01 2.599402010613707792e-02
1.708822939999999901e-01 2.586397606043459863e-02
1.711645109999999914e-01 2.573452305769107287e-02
1.714467279999999927e-01 2.560574675264721406e-02
1.717289449999999940e-01 2.547772796665810288e-02
1.720111619999999952e-01 2.535043466712668184e-02
1.722933789999999965e-01 2.522378671218821616e-02
1.725755949999999983e-01 2.509775885540635812e-02
1.728578119999999996e-01 2.497240976784476443e-02
1.731400290000000008e-01 2.484779242180769343e-02
1.734222460000000021e-01 2.472386839182182106e-02
1.737044630000000034e-01 2.460056516533869891e-02
1.739866800000000047e-01 2.447786787784680257e-02
1.742688960000000065e-01 2.435584322174873251e-02
1.745511130000000077e-01 2.423454548580423681e-02
1.748333300000000090e-01 2.411393432017433502e-02
1.751155470000000103e-01 2.399393705805911992e-02
1.753977640000000116e-01 2.387453169383001866e-02
1.756799810000000128e-01 2.375576045695441604e-02
1.759621969999999869e-01 2.363765897115826728e-02
1.762444139999999881e-01 2.352020636649997803e-02
1.765266309999999894e-01 2.340336726041264762e-02
1.768088479999999907e-01 2.328714426310649413e-02
1.770910649999999920e-01 2.317158390364036299e-02
1.773732819999999932e-01 2.305671679583056258e-02
1.776554979999999950e-01 2.294249339143606542e-02
1.779377149999999963e-01 2.282884335633323519e-02
1.782199319999999976e-01 2.271576016117142494e-02
1.785021489999999988e-01 2.260330144964014382e-02
1.787843660000000001e-01 2.249150812482682629e-02
1.790665830000000014e-01 2.238034404223590915e-02
1.793487990000000032e-01 2.226975730144764923e-02
1.796310160000000045e-01 2.215974919371811735e-02
1.799132330000000057e-01 2.205037281476038974e-02
1.801954500000000070e-01 2.194166016238914899e-02
1.804776670000000083e-01 2.183356455865679766e-02
1.807598840000000096e-01 2.172602588705599067e-02
1.810421000000000114e-01 2.161904687433739009e-02
1.813243170000000126e-01 2.151268159638344835e-02
1.816065339999999861e-01 2.140696519980214360e-02
1.818887509999999874e-01 2.130186530941923298e-02
1.821709679999999887e-01 2.119733870244287430e-02
1.824531849999999900e-01 2.109337284260956805e-02
1.827354009999999918e-01 2.098997881742476271e-02
1.830176179999999930e-01 2.088716447446762811e-02
1.832998349999999943e-01 2.078493125772151381e-02
1.835820519999999956e-01 2.068327907046515687e-02
1.838642689999999968e-01 2.058220919721089406e-02
1.841464859999999981e-01 2.048172384802169135e-02
1.844287029999999994e-01 2.038181888687404936e-02
1.847109190000000012e-01 2.028247484246364918e-02
1.849931360000000025e-01 2.018367204600077930e-02
1.852753530000000037e-01 2.008542713284910269e-02
1.855575700000000050e-01 1.998777794104659306e-02
1.858397870000000063e-01 1.989073631643881873e-02
1.861220040000000076e-01 1.979425606421273895e-02
1.864042200000000093e-01 1.969828846409839643e-02
1.866864370000000106e-01 1.960283027135331646e-02
1.869686540000000119e-01 1.950790496602435378e-02
1.872508710000000132e-01 1.941353303465266980e-02
1.875330879999999867e-01 1.931972917795303502e-02
1.878153049999999880e-01 1.922650527056005143e-02
1.880975209999999898e-01 1.913385561845149657e-02
1.883797379999999910e-01 1.904176457057464925e-02
1.886619549999999923e-01 1.895021012565065513e-02
1.889441719999999936e-01 1.885915703209811028e-02
1.892263889999999948e-01 1.876857648620430113e-02
1.895086059999999961e-01 1.867849675685246541e-02
1.897908219999999979e-01 1.858897136246480397e-02
1.900730389999999992e-01 1.850002111592087550e-02
1.903552560000000005e-01 1.841161684140176641e-02
1.906374730000000017e-01 1.832372818870401515e-02
1.909196900000000030e-01 1.823634885554049900e-02
1.912019070000000043e-01 1.814948210975507459e-02
1.914841230000000061e-01 1.806313082395645184e-02
1.917663400000000073e-01 1.797729590996757776e-02
1.920485570000000086e-01 1.789197847559186039e-02
1.923307740000000099e-01 1.780717563957500901e-02
1.926129910000000112e-01 1.772288328958768200e-02
1.928952080000000124e-01 1.763910039924771953e-02
1.931774239999999865e-01 1.755583024287491606e-02
1.934596409999999878e-01 1.747307284115716744e-02
1.937418579999999890e-01 1.739081568304566908e-02
1.940240749999999903e-01 1.730904167078097314e-02
1.943062919999999916e-01 1.722773267137349754e-02
1.945885089999999928e-01 1.714686934200962756e-02
1.948707249999999946e-01 1.706644708393833740e-02
1.951529419999999959e-01 1.698652611015450536e-02
1.954351589999999972e-01 1.690718268237804620e-02
1.957173759999999985e-01 1.682840752966980116e-02
1.959995929999999997e-01 1.675010132128622320e-02
1.962818100000000010e-01 1.667219117318546190e-02
1.965640260000000028e-01 1.659472803735372384e-02
1.968462430000000041e-01 1.651778936442209120e-02
1.971284600000000053e-01 1.644137519822349083e-02
1.974106770000000066e-01 1.636541071061143465e-02
1.976928940000000079e-01 1.628984309652821427e-02
1.979751110000000092e-01 1.621470881270442935e-02
1.982573270000000110e-01 1.614006248958092804e-02
1.985395440000000122e-01 1.606592223162614172e-02
1.988217610000000135e-01 1.599227618532141071e-02
1.991039779999999870e-01 1.591910760892747620e-02
1.993861949999999883e-01 1.584638825907937199e-02
1.996684119999999896e-01 1.577408947611743870e-02
1.999506289999999908e-01 1.570221083840593265e-02
2.002328449999999926e-01 1.563077409121717276e-02
2.005150619999999939e-01 1.555979386660186030e-02
2.007972789999999952e-01 1.548926593017666865e-02
2.010794959999999965e-01 1.541918265681815198e-02
2.013617129999999977e-01 1.534954050926699669e-02
2.016439299999999990e-01 1.528033881787925485e-02
2.019261460000000008e-01 1.521157986079104546e-02
2.022083630000000021e-01 1.514327187856439640e-02
2.024905800000000033e-01 1.507542263342487136e-02
2.027727970000000046e-01 1.500801426996639827e-02
2.030550140000000059e-01 1.494101301018859428e-02
2.033372310000000072e-01 1.487440117469411224e-02
2.036194470000000090e-01 1.480819831280128472e-02
2.039016640000000102e-01 1.474242657607861481e-02
2.041838810000000115e-01 1.467709133665495540e-02
2.044660980000000128e-01 1.461218778132576147e-02
2.047483149999999863e-01 1.454770601868147183e-02
2.050305319999999876e-01 1.448362608737025284e-02
2.053127479999999894e-01 1.441993092679215091e-02
2.055949649999999906e-01 1.435663626270306664e-02
2.058771819999999919e-01 1.429377529447820212e-02
2.061593989999999932e-01 1.423135679247206076e-02
2.064416159999999945e-01 1.416934520289414232e-02
2.067238329999999957e-01 1.410770531718418160e-02
2.070060489999999975e-01 1.404644029371983523e-02
2.072882659999999988e-01 1.398556993172792376e-02
2.075704830000000001e-01 1.392510510164227805e-02
2.078527000000000013e-01 1.386504061930344568e-02
2.081349170000000026e-01 1.380537038049722311e-02
2.084171340000000039e-01 1.374609192375664257e-02
2.086993500000000057e-01 1.368720445718141741e-02
2.089815670000000070e-01 1.362870508158031332e-02
2.092637840000000082e-01 1.357058933261165098e-02
2.095460010000000095e-01 1.351285267625432739e-02
2.098282180000000108e-01 1.345549244079861234e-02
2.101104350000000121e-01 1.339850659973668839e-02
2.103926510000000139e-01 1.334189188128701888e-02
2.106748679999999874e-01 1.328564249050308288e-02
2.109570849999999886e-01 1.322975562126917602e-02
2.112393019999999899e-01 1.317424144400725430e-02
2.115215189999999912e-01 1.311911383311863827e-02
2.118037359999999925e-01 1.306436737934207198e-02
2.120859519999999943e-01 1.300997374745553950e-02
2.123681689999999955e-01 1.295591095713030834e-02
2.126503859999999968e-01 1.290219614464550510e-02
2.129326029999999981e-01 1.284885670676890433e-02
2.132148199999999993e-01 1.279590070282720683e-02
2.134970370000000006e-01 1.274331527322237513e-02
2.137792530000000024e-01 1.269108531164019234e-02
2.140614700000000037e-01 1.263918942920292700e-02
2.143436870000000050e-01 1.258760642596222848e-02
2.146259040000000062e-01 1.253633939772556653e-02
2.149081210000000075e-01 1.248541534274914475e-02
2.151903380000000088e-01 1.243485457904631476e-02
2.154725540000000106e-01 1.238464944063359836e-02
2.157547710000000118e-01 1.233478582990332403e-02
2.160369880000000131e-01 1.228526051869077186e-02
2.163192049999999866e-01 1.223607920580073102e-02
2.166014219999999879e-01 1.218724061508009472e-02
2.168836389999999892e-01 1.213871968590829985e-02
2.171658559999999905e-01 1.209048866345673739e-02
2.174480719999999923e-01 1.204255376150834000e-02
2.177302889999999935e-01 1.199494754628266553e-02
2.180125059999999948e-01 1.194769239400823684e-02
2.182947229999999961e-01 1.190077723401316255e-02
2.185769399999999973e-01 1.185418549694563367e-02
2.188591569999999986e-01 1.180790757613090630e-02
2.191413730000000004e-01 1.176193902171386065e-02
2.194235900000000017e-01 1.171627645427710147e-02
2.197058070000000030e-01 1.167092074664793921e-02
2.199880240000000042e-01 1.162587367500826294e-02
2.202702410000000055e-01 1.158114241881885893e-02
2.205524580000000068e-01 1.153673758971380733e-02
2.208346740000000086e-01 1.149265532810717777e-02
2.211168910000000098e-01 1.144885721802978672e-02
2.213991080000000111e-01 1.140530624938202592e-02
2.216813250000000124e-01 1.136202359590038694e-02
2.219635420000000137e-01 1.131906414091921054e-02
2.222457589999999872e-01 1.127645235511455166e-02
2.225279749999999890e-01 1.123414873516700996e-02
2.228101919999999903e-01 1.119210924411588592e-02
2.230924089999999915e-01 1.115032493705672700e-02
2.233746259999999928e-01 1.110880489004687464e-02
2.236568429999999941e-01 1.106756668898673836e-02
2.239390599999999953e-01 1.102664351160654102e-02
2.242212759999999971e-01 1.098606235630945026e-02
2.245034929999999984e-01 1.094578732590312936e-02
2.247857099999999997e-01 1.090575417642886645e-02
2.250679270000000010e-01 1.086593513645021936e-02
2.253501440000000022e-01 1.082636416162413746e-02
2.256323610000000035e-01 1.078707832553254739e-02
2.259145770000000053e-01 1.074809574448981966e-02
2.261967940000000066e-01 1.070942568366978036e-02
2.264790110000000078e-01 1.067105401840501983e-02
2.267612280000000091e-01 1.063293056987569402e-02
2.270434450000000104e-01 1.059501257137036336e-02
2.273256620000000117e-01 1.055732031602158762e-02
2.276078780000000135e-01 1.051989729618644370e-02
2.278900949999999870e-01 1.048276126002177164e-02
2.281723119999999883e-01 1.044589579716964471e-02
2.284545289999999895e-01 1.040928527434690533e-02
2.287367459999999908e-01 1.037293226144399283e-02
2.290189629999999921e-01 1.033684506051228170e-02
2.293011789999999939e-01 1.030101975464133360e-02
2.295833959999999951e-01 1.026543688727213008e-02
2.298656129999999964e-01 1.023008238838579893e-02
2.301478299999999977e-01 1.019497038649890691e-02
2.304300469999999990e-01 1.016012262145460539e-02
2.307122640000000002e-01 1.012553769035819465e-02
2.309944800000000020e-01 1.009118867701327277e-02
2.312766970000000033e-01 1.005705332646681521e-02
2.315589140000000046e-01 1.002313670954500628e-02
2.318411310000000058e-01 9.989450654599413282e-03
2.321233480000000071e-01 9.956000856350812750e-03
2.324055650000000084e-01 9.922786877677593209e-03
2.326877820000000097e-01 9.889807660073433870e-03
2.329699980000000115e-01 9.857060922602634001e-03
2.332522150000000127e-01 9.824544223002371068e-03
2.335344319999999863e-01 9.792265121401919417e-03
2.338166489999999875e-01 9.760239770195215311e-03
2.340988659999999888e-01 9.728472831614728630e-03
2.343810829999999901e-01 9.696929394444650518e-03
2.346632989999999919e-01 9.665568732796699439e-03
2.349455159999999931e-01 9.634388253750096262e-03
2.352277329999999944e-01 9.603417011388590968e-03
2.355099499999999957e-01 9.572678429403250200e-03
2.357921669999999970e-01 9.542176731489045854e-03
2.360743839999999982e-01 9.511911705056759134e-03
2.363566000000000000e-01 9.481871134547660562e-03
2.366388170000000013e-01 9.452033608578047641e-03
2.369210340000000026e-01 9.422385740997383380e-03
2.372032510000000038e-01 9.392935114429139601e-03
2.374854680000000051e-01 9.363692012543476523e-03
2.377676850000000064e-01 9.334657448418107878e-03
2.380499010000000082e-01 9.305826412739531470e-03
2.383321180000000095e-01 9.277196242525431735e-03
2.386143350000000107e-01 9.248771158662986644e-03
2.388965520000000120e-01 9.220554959218023316e-03
2.391787690000000133e-01 9.192538081868550232e-03
2.394609859999999868e-01 9.164703073035388239e-03
2.397432019999999886e-01 9.137043887193545266e-03
2.400254189999999899e-01 9.109578533621535967e-03
2.403076359999999911e-01 9.082325867093087035e-03
2.405898529999999924e-01 9.055281124135557830e-03
2.408720699999999937e-01 9.028427025718946397e-03
2.411542869999999950e-01 9.001754910279782806e-03
2.414365029999999968e-01 8.975272928056521674e-03
2.417187199999999980e-01 8.948988780531087414e-03
2.420009369999999993e-01 8.922893992566044430e-03
2.422831540000000006e-01 8.896972154350415649e-03
2.425653710000000018e-01 8.871212295244918639e-03
2.428475880000000031e-01 8.845612884126930614e-03
2.431298040000000049e-01 8.820176601001695343e-03
2.434120210000000062e-01 8.794928375950793534e-03
2.436942380000000075e-01 8.769902565189079124e-03
2.439764550000000087e-01 8.745101221317495496e-03
2.442586720000000100e-01 8.720476490908722969e-03
2.445408890000000113e-01 8.695984606682687079e-03
2.448231050000000131e-01 8.671634110559826164e-03
2.451053219999999866e-01 8.647453037508977952e-03
2.453875389999999879e-01 8.623453501319581008e-03
2.456697559999999891e-01 8.599624913624603212e-03
2.459519729999999904e-01 8.575956897592235811e-03
2.462341899999999917e-01 8.552449516875360383e-03
2.465164059999999935e-01 8.529106449723711236e-03
2.467986229999999948e-01 8.505929123197005295e-03
2.470808399999999960e-01 8.482916690447034683e-03
2.473630569999999973e-01 8.460069541757885697e-03
2.476452739999999986e-01 8.437395330297210033e-03
2.479274909999999998e-01 8.414903219296132955e-03
2.482097080000000011e-01 8.392581550755654277e-03
2.484919240000000029e-01 8.370395130451872487e-03
2.487741410000000042e-01 8.348316919120076646e-03
2.490563580000000055e-01 8.326362237700477703e-03
2.493385750000000067e-01 8.304557495034507048e-03
2.496207920000000080e-01 8.282921752488920514e-03
2.499030090000000093e-01 8.261466550287087027e-03
2.501852250000000111e-01 8.240194187739691145e-03
2.504674419999999846e-01 8.219071971741846380e-03
2.507496590000000136e-01 8.198060857378470373e-03
2.510318759999999871e-01 8.177158555259619876e-03
2.513140930000000162e-01 8.156396803487061392e-03
2.515963099999999897e-01 8.135800322372837082e-03
2.518785259999999915e-01 8.115365331848409247e-03
2.521607430000000205e-01 8.095081769282164511e-03
2.524429599999999940e-01 8.074941172069648870e-03
2.527251770000000231e-01 8.054936157053898052e-03
2.530073939999999966e-01 8.035058395065164047e-03
2.532896110000000256e-01 8.015296547857375664e-03
2.535718270000000274e-01 7.995640696046895507e-03
2.538540440000000009e-01 7.976108514741038838e-03
2.541362609999999744e-01 7.956738766747760427e-03
2.544184780000000035e-01 7.937550741053810144e-03
2.547006949999999770e-01 7.918509266996744816e-03
2.549829120000000060e-01 7.899572523646179040e-03
2.552651280000000078e-01 7.880730792579023966e-03
2.555473449999999813e-01 7.861995865635797512e-03
2.558295620000000103e-01 7.843379296275359430e-03
2.561117789999999839e-01 7.824890492288766319e-03
2.563939960000000129e-01 7.806537827443081612e-03
2.566762129999999864e-01 7.788321879863311509e-03
2.569584289999999882e-01 7.770238516007675449e-03
2.572406460000000172e-01 7.752279799244630488e-03
2.575228629999999908e-01 7.734430234985289511e-03
2.578050800000000198e-01 7.716675991575158017e-03
2.580872969999999933e-01 7.699029149125017485e-03
2.586517300000000241e-01 7.664150855363135138e-03
2.589339469999999976e-01 7.646925142213045756e-03
2.592161640000000267e-01 7.629825488161117233e-03
2.594983810000000002e-01 7.612822588392928989e-03
2.597805979999999737e-01 7.595879675751380025e-03
2.600628150000000027e-01 7.578994837671340634e-03
2.603450310000000045e-01 7.562227740952191454e-03
2.606272479999999780e-01 7.545633670862922880e-03
2.609094650000000071e-01 7.529192022759174409e-03
2.611916819999999806e-01 7.512848956369304852e-03
2.614738990000000096e-01 7.496577196496202918e-03
2.617561159999999831e-01 7.480391817781799173e-03
2.620383319999999849e-01 7.464308435054883839e-03
2.623205490000000140e-01 7.448321489188656531e-03
2.626027659999999875e-01 7.432417632796518500e-03
2.628849830000000165e-01 7.416599919138532060e-03
2.631671999999999900e-01 7.400894930920750084e-03
2.634494170000000191e-01 7.385325806986133175e-03
2.637316330000000208e-01 7.369885903697505347e-03
2.640138499999999944e-01 7.354557880440632141e-03
2.642960670000000234e-01 7.339324317074482490e-03
2.645782839999999969e-01 7.324167440008658332e-03
2.648605010000000259e-01 7.309074107851952669e-03
2.651427179999999995e-01 7.294054634368904964e-03
2.654249349999999730e-01 7.279126519017862888e-03
2.657071509999999748e-01 7.264301498792613901e-03
2.659893680000000038e-01 7.249584397343872971e-03
2.662715849999999773e-01 7.234976171427385909e-03
2.665538020000000063e-01 7.220461398052429626e-03
2.668360189999999799e-01 7.206020762464683017e-03
2.671182360000000089e-01 7.191651922526520746e-03
2.674004520000000107e-01 7.177370375369658724e-03
2.676826689999999842e-01 7.163186697351717376e-03
2.679648860000000132e-01 7.149089288796162296e-03
2.682471029999999867e-01 7.135061550283792325e-03
2.685293200000000158e-01 7.121099514411716874e-03
2.688115369999999893e-01 7.107211163893833832e-03
2.690937529999999911e-01 7.093408325107047017e-03
2.693759700000000201e-01 7.079714446929858546e-03
2.696581869999999936e-01 7.066152827281912269e-03
2.699404040000000227e-01 7.052695741557589958e-03
2.702226209999999962e-01 7.039271960421402720e-03
2.705048380000000252e-01 7.025841686102257157e-03
2.707870540000000270e-01 7.012468559913796751e-03
2.713514879999999740e-01 6.986128499489161273e-03
2.716337050000000031e-01 6.973098899963781939e-03
2.719159219999999766e-01 6.960104476856181221e-03
2.721981390000000056e-01 6.947179524976638924e-03
2.724803550000000074e-01 6.934366189660063663e-03
2.727625719999999809e-01 6.921645303387846671e-03
2.730447890000000100e-01 6.908955449454124570e-03
2.733270059999999835e-01 6.896268028977028779e-03
2.736092230000000125e-01 6.883638988592945436e-03
2.738914399999999860e-01 6.871130893526092125e-03
2.741736559999999878e-01 6.858734814512880765e-03
2.744558730000000168e-01 6.846397076255678581e-03
2.747380899999999904e-01 6.834088545587313490e-03
2.750203070000000194e-01 6.821836346870371361e-03
2.753025239999999929e-01 6.809671708777598025e-03
2.755847410000000219e-01 6.797591266645556726e-03
2.758669570000000237e-01 6.785572316466570095e-03
2.761491739999999973e-01 6.773602063135759736e-03
2.764313910000000263e-01 6.761688462344270581e-03
2.767136079999999998e-01 6.749840853383618985e-03
2.769958249999999733e-01 6.738059685253939765e-03
2.775602580000000041e-01 6.714685136715750451e-03
2.778424749999999777e-01 6.703100551195282156e-03
2.781246920000000067e-01 6.691593032061940796e-03
2.784069089999999802e-01 6.680142292714527988e-03
2.786891260000000092e-01 6.668716607086632581e-03
2.789713429999999827e-01 6.657309503529312139e-03
2.792535589999999845e-01 6.645955666709434453e-03
2.795357760000000136e-01 6.634687855880914975e-03
2.798179929999999871e-01 6.623502163816300664e-03
2.801002100000000161e-01 6.612379860235839853e-03
2.803824269999999896e-01 6.601309037891617444e-03
2.806646440000000187e-01 6.590287831367976426e-03
2.809468609999999922e-01 6.579314689518562208e-03
2.815112940000000230e-01 6.557494356218082458e-03
2.817935109999999965e-01 6.546646328395707912e-03
2.820757280000000256e-01 6.535858110324323754e-03
2.823579449999999991e-01 6.525142093220644146e-03
2.826401619999999726e-01 6.514482767673752082e-03
2.829223779999999744e-01 6.503856290063936112e-03
2.832045950000000034e-01 6.493259238405203922e-03
2.840512459999999795e-01 6.461810126265229298e-03
2.843334630000000085e-01 6.451424867580496901e-03
2.846156790000000103e-01 6.441070025620419109e-03
2.848978959999999838e-01 6.430749547038827792e-03
2.851801130000000128e-01 6.420470605496815183e-03
2.854623299999999864e-01 6.410250758862767045e-03
2.857445470000000154e-01 6.400108871366058140e-03
2.860267639999999889e-01 6.390034305480534263e-03
2.863089799999999907e-01 6.379987883524926122e-03
2.865911970000000197e-01 6.369942207477974870e-03
2.868734139999999933e-01 6.359917465174449829e-03
2.874378479999999958e-01 6.340032401307197328e-03
2.877200650000000248e-01 6.330179769359797239e-03
2.880022810000000266e-01 6.320378001981898780e-03
2.882844980000000001e-01 6.310609231615807273e-03
2.885667149999999737e-01 6.300855415546762969e-03
2.888489320000000027e-01 6.291125657950491674e-03
2.891311489999999762e-01 6.281450488102368473e-03
2.894133660000000052e-01 6.271847336070138397e-03
2.896955820000000070e-01 6.262294230912687255e-03
2.899777989999999805e-01 6.252763596019753241e-03
2.902600160000000096e-01 6.243248708708288089e-03
2.905422329999999831e-01 6.233757567351920145e-03
2.911066669999999856e-01 6.214871758679864876e-03
2.913888829999999874e-01 6.205484700160818906e-03
2.916711000000000165e-01 6.196141537091020592e-03
2.919533169999999900e-01 6.186848994935340712e-03
2.922355340000000190e-01 6.177605566974861233e-03
2.927999680000000216e-01 6.159184433724502333e-03
2.930821840000000233e-01 6.149993278898495744e-03
2.933644009999999969e-01 6.140839791112291494e-03
2.936466180000000259e-01 6.131734747217440495e-03
2.939288349999999994e-01 6.122664279803582098e-03
2.942110519999999729e-01 6.113613602188982220e-03
2.944932690000000020e-01 6.104586506478931231e-03
2.947754850000000038e-01 6.095596408763184759e-03
2.950577019999999773e-01 6.086653644125660824e-03
2.953399190000000063e-01 6.077762966050751989e-03
2.956221359999999798e-01 6.068925696271374945e-03
2.959043530000000088e-01 6.060121703763962815e-03
2.961865699999999824e-01 6.051321182709226351e-03
2.964687870000000114e-01 6.042515686500766862e-03
2.970332199999999867e-01 6.024996692363262553e-03
2.973154370000000157e-01 6.016298074302341842e-03
2.978798710000000183e-01 5.998934830647366032e-03
2.981620879999999918e-01 5.990297577891765153e-03
2.984443039999999936e-01 5.981724911637780785e-03
2.987265210000000226e-01 5.973193470265448883e-03
2.990087379999999961e-01 5.964662707937631175e-03
2.992909550000000252e-01 5.956119576658461603e-03
2.995731719999999987e-01 5.947588237929265012e-03
3.001376049999999740e-01 5.930647496575514044e-03
3.004198220000000030e-01 5.922259243286282643e-03
3.007020389999999765e-01 5.913920778733892936e-03
3.009842560000000056e-01 5.905604664850436919e-03
3.012664729999999791e-01 5.897287534901239810e-03
3.015486900000000081e-01 5.888970909048264063e-03
3.018309060000000099e-01 5.880663663786166173e-03
3.021131229999999834e-01 5.872373943719466464e-03
3.023953400000000125e-01 5.864109273425891465e-03
3.032419909999999885e-01 5.839553448594399405e-03
3.035242069999999903e-01 5.831457846411444365e-03
3.038064240000000193e-01 5.823367142324175315e-03
3.040886409999999929e-01 5.815258591613933423e-03
3.043708580000000219e-01 5.807159080499998266e-03
3.046530749999999954e-01 5.799105373684549161e-03
3.049352920000000244e-01 5.791101655808116901e-03
3.052175080000000262e-01 5.783122976834216729e-03
3.054997249999999998e-01 5.775148904934307957e-03
3.057819419999999733e-01 5.767177809020259706e-03
3.060641590000000023e-01 5.759212276056591313e-03
3.066285930000000048e-01 5.743336422305436208e-03
3.069108090000000066e-01 5.735450033245752949e-03
3.071930259999999802e-01 5.727604587103453382e-03
3.074752430000000092e-01 5.719800693455987656e-03
3.077574599999999827e-01 5.712024280934114087e-03
3.080396770000000117e-01 5.704250628598870124e-03
3.083218939999999852e-01 5.696467037982358775e-03
3.086041099999999870e-01 5.688693226507762941e-03
3.091685439999999896e-01 5.673246036646994311e-03
3.097329779999999921e-01 5.657891914415858967e-03
3.102974110000000230e-01 5.642600062271384449e-03
3.111440619999999990e-01 5.619861977842659576e-03
3.114262789999999725e-01 5.612339508739197513e-03
3.117084960000000016e-01 5.604827657922799300e-03
3.125551460000000059e-01 5.582288013549876853e-03
3.128373629999999794e-01 5.574800077499886264e-03
3.131195800000000085e-01 5.567363461566768833e-03
3.134017969999999820e-01 5.559964308651830361e-03
3.136840140000000110e-01 5.552570758085598364e-03
3.139662300000000128e-01 5.545170353180773129e-03
3.142484469999999863e-01 5.537783798211255888e-03
3.145306640000000153e-01 5.530431515420887109e-03
3.150950980000000179e-01 5.515799873416427773e-03
3.153773149999999914e-01 5.508498032922093564e-03
3.156595309999999932e-01 5.501209089151141290e-03
3.159417480000000222e-01 5.493939402575222057e-03
3.162239649999999958e-01 5.486691793997206662e-03
3.165061820000000248e-01 5.479467614323631046e-03
3.170706160000000273e-01 5.465079564972157022e-03
3.173528319999999736e-01 5.457905277103959445e-03
3.176350490000000026e-01 5.450741599217269820e-03
3.179172659999999762e-01 5.443589144213751597e-03
3.181994830000000052e-01 5.436449156956117690e-03
3.184816999999999787e-01 5.429323700615177641e-03
3.190461330000000095e-01 5.415138837744294838e-03
3.193283499999999830e-01 5.408103716248884030e-03
3.196105670000000121e-01 5.401103110536000472e-03
3.198927839999999856e-01 5.394105408939022135e-03
3.201750010000000146e-01 5.387087642347921854e-03
3.204572179999999881e-01 5.380069594284082359e-03
3.210216510000000190e-01 5.366135608001923289e-03
3.213038679999999925e-01 5.359223004974717451e-03
3.215860850000000215e-01 5.352332572473344346e-03
3.221505190000000241e-01 5.338533003841576703e-03
3.224327350000000258e-01 5.331610418592496251e-03
3.227149519999999994e-01 5.324711608247476892e-03
3.229971689999999729e-01 5.317861686003444270e-03
3.232793860000000019e-01 5.311044274893055375e-03
3.235616029999999754e-01 5.304235514537071830e-03
3.238438200000000045e-01 5.297434212474303947e-03
3.241260360000000063e-01 5.290657943344781455e-03
3.246904700000000088e-01 5.277187772955532936e-03
3.249726869999999823e-01 5.270452148888654133e-03
3.252549040000000113e-01 5.263714931456967179e-03
3.255371209999999849e-01 5.257003855745809827e-03
3.258193369999999867e-01 5.250333660894184254e-03
3.261015540000000157e-01 5.243682327976492696e-03
3.263837709999999892e-01 5.237024278218360522e-03
3.266659880000000182e-01 5.230364980662646941e-03
3.269482049999999917e-01 5.223730753086171762e-03
3.275126380000000226e-01 5.210560998645203355e-03
3.277948549999999961e-01 5.203987357880963775e-03
3.280770720000000251e-01 5.197415432442772064e-03
3.283592889999999986e-01 5.190859142282730661e-03
3.286415060000000277e-01 5.184326299998725900e-03
3.289237230000000012e-01 5.177811080743156998e-03
3.292059399999999747e-01 5.171307123171086165e-03
3.294881559999999765e-01 5.164819731445021919e-03
3.297703730000000055e-01 5.158360393301830195e-03
3.300525899999999790e-01 5.151930561982744940e-03
