# q  I_recon
3.245493999999999810e-03 9.950575455160459715e-01
3.527709999999999874e-03 9.941641922038876311e-01
3.809926999999999845e-03 9.931976426175473938e-01
4.092143999999999816e-03 9.921581695293748560e-01
4.374361000000000221e-03 9.910460468997401851e-01
4.656577999999999759e-03 9.898616199196808019e-01
4.938795000000000164e-03 9.886052860909603224e-01
5.221011000000000228e-03 9.872774453692932939e-01
5.503227999999999766e-03 9.858784739127244290e-01
5.785445000000000171e-03 9.844087654308532054e-01
6.067661999999999708e-03 9.828687708835328607e-01
6.349879000000000114e-03 9.812589821162528425e-01
6.632095999999999651e-03 9.795798815163986317e-01
6.914311999999999715e-03 9.778319335162616310e-01
7.196529000000000120e-03 9.760155897493780763e-01
7.478745999999999658e-03 9.741314190268801632e-01
7.760963000000000063e-03 9.721800427533752176e-01
8.043180000000000468e-03 9.701620579634454566e-01
8.325397000000000006e-03 9.680780080282013200e-01
8.607613999999999543e-03 9.659284407277999307e-01
8.889829999999999607e-03 9.637140150453155085e-01
9.172046999999999145e-03 9.614354213382250158e-01
9.454264000000000417e-03 9.590933441778001223e-01
9.736480999999999955e-03 9.566884034797636938e-01
1.001869799999999949e-02 9.542212248940893371e-01
1.030091500000000077e-02 9.516925315427042786e-01
1.058313100000000083e-02 9.491031024473608468e-01
1.086534800000000037e-02 9.464536704573198733e-01
1.114756499999999990e-02 9.437449634435811641e-01
1.142978199999999944e-02 9.409777093889913901e-01
1.171199900000000071e-02 9.381527237015258036e-01
1.199421600000000025e-02 9.352708584065947406e-01
1.227643200000000032e-02 9.323329144542088498e-01
1.255864899999999985e-02 9.293395659095232686e-01
1.284086599999999939e-02 9.262915401704647778e-01
1.312308300000000066e-02 9.231897441020324724e-01
1.340530000000000020e-02 9.200351557069277320e-01
1.368751699999999974e-02 9.168286636976847870e-01
1.396973299999999980e-02 9.135710436901572917e-01
1.425194999999999934e-02 9.102630543299564669e-01
1.453416700000000061e-02 9.069056381359353880e-01
1.481638400000000015e-02 9.034997752216036293e-01
1.509860099999999969e-02 9.000463630789597991e-01
1.538081799999999923e-02 8.965461952524609313e-01
1.566303399999999929e-02 8.930001039338046898e-01
1.594525100000000056e-02 8.894090435816386364e-01
1.622746799999999837e-02 8.857740525309610868e-01
1.650968499999999964e-02 8.820960761577055775e-01
1.679190200000000091e-02 8.783759685266337991e-01
1.707411899999999871e-02 8.746146053589468616e-01
1.735633500000000051e-02 8.708129918353197940e-01
1.763855199999999832e-02 8.669721204413985971e-01
1.792076899999999959e-02 8.630929329576080278e-01
1.820298600000000086e-02 8.591762645373073326e-01
1.848520299999999866e-02 8.552229848858572403e-01
1.876741999999999994e-02 8.512341139826501424e-01
1.904963600000000173e-02 8.472107179427728063e-01
1.933185299999999954e-02 8.431537283680583528e-01
1.961407000000000081e-02 8.390640348466775755e-01
1.989628699999999861e-02 8.349425511071363326e-01
2.017850399999999988e-02 8.307903339380851016e-01
2.046072100000000116e-02 8.266084592704838752e-01
2.074293799999999896e-02 8.223978058160601456e-01
2.102515400000000076e-02 8.181591029308865615e-01
2.130737099999999856e-02 8.138931272944310846e-01
2.158958799999999983e-02 8.096009995794498648e-01
2.187180500000000111e-02 8.052838707941256668e-01
2.215402199999999891e-02 8.009427208972275114e-01
2.243623900000000018e-02 7.965784012169419004e-01
2.271845499999999851e-02 7.921918010754347428e-01
2.300067199999999978e-02 7.877838330268654987e-01
2.328288900000000106e-02 7.833554623220431168e-01
2.356510599999999886e-02 7.789075672251981608e-01
2.384732300000000013e-02 7.744409776909214616e-01
2.412954000000000140e-02 7.699565740739439113e-01
2.441175599999999973e-02 7.654553781462476447e-01
2.469397300000000101e-02 7.609383686372489519e-01
2.497618999999999881e-02 7.564064212795726938e-01
2.525840700000000008e-02 7.518603041412180721e-01
2.554062400000000135e-02 7.473008464023104258e-01
2.582284099999999916e-02 7.427290138407601772e-01
2.610505700000000096e-02 7.381457900852427256e-01
2.638727399999999876e-02 7.335519547947405572e-01
2.666949100000000003e-02 7.289482516253025235e-01
2.695170800000000130e-02 7.243354702066352457e-01
2.723392499999999911e-02 7.197145239391707916e-01
2.751614200000000038e-02 7.150863270737987110e-01
2.779835799999999871e-02 7.104516984059443541e-01
2.808057499999999998e-02 7.058113528315717033e-01
2.836279200000000125e-02 7.011661000075192218e-01
2.864500899999999906e-02 6.965168140752604486e-01
2.892722600000000033e-02 6.918643524161769420e-01
2.920944300000000160e-02 6.872093906649072714e-01
2.949165899999999993e-02 6.825525424475822334e-01
2.977387600000000120e-02 6.778944851575614550e-01
3.005609299999999900e-02 6.732361258890429134e-01
3.033831000000000028e-02 6.685783424618257920e-01
3.062052700000000155e-02 6.639218280096992331e-01
3.090274399999999935e-02 6.592672037058291412e-01
3.118496000000000115e-02 6.546151573753015152e-01
3.146717699999999895e-02 6.499663993159235931e-01
3.174939400000000023e-02 6.453216755271007354e-01
3.203161100000000150e-02 6.406816059021925858e-01
3.231382800000000277e-02 6.360467734430274023e-01
3.259604499999999710e-02 6.314178295862593604e-01
3.287826099999999890e-02 6.267955303139080003e-01
3.316047800000000018e-02 6.221805598268161930e-01
3.344269500000000145e-02 6.175735078693820324e-01
3.372491200000000272e-02 6.129749048348637208e-01
3.400712899999999705e-02 6.083853489082838850e-01
3.428934599999999833e-02 6.038055170452917286e-01
3.457156200000000013e-02 5.992360661919310383e-01
3.485377900000000140e-02 5.946774228285337527e-01
3.513599600000000267e-02 5.901300162866532917e-01
3.541821299999999700e-02 5.855943895837764090e-01
3.570042999999999828e-02 5.810712219225400155e-01
3.598264699999999955e-02 5.765611488346454871e-01
3.626486400000000082e-02 5.720646063330641073e-01
3.654708000000000262e-02 5.675820021544458749e-01
3.682929699999999695e-02 5.631138115378321318e-01
3.711151399999999823e-02 5.586606663408224538e-01
3.739373099999999950e-02 5.542231202162970494e-01
3.767594800000000077e-02 5.498014911397968163e-01
3.795816500000000204e-02 5.453960543357386781e-01
3.824038099999999690e-02 5.410072654014352889e-01
3.852259799999999818e-02 5.366356740696517358e-01
3.880481499999999945e-02 5.322818266324769176e-01
3.908703200000000072e-02 5.279460816299029746e-01
3.936924900000000199e-02 5.236287674244676227e-01
3.965146600000000326e-02 5.193302669619715983e-01
3.993368199999999812e-02 5.150510203242718577e-01
4.021589899999999940e-02 5.107913883646981734e-01
4.049811600000000067e-02 5.065516795702030839e-01
4.078033300000000194e-02 5.023321761905598093e-01
4.106255000000000321e-02 4.981332379526436926e-01
4.134476699999999755e-02 4.939552782363754724e-01
4.162698299999999935e-02 4.897986671012546367e-01
4.190920000000000062e-02 4.856635822379113954e-01
4.219141700000000189e-02 4.815502345553258068e-01
4.247363400000000316e-02 4.774589524204297941e-01
4.275585099999999750e-02 4.733901465503147499e-01
4.303806799999999877e-02 4.693441526439421918e-01
4.332028400000000057e-02 4.653211494098787870e-01
4.360250100000000184e-02 4.613212586756078037e-01
4.388471800000000311e-02 4.573447341127152566e-01
4.416693499999999745e-02 4.533918649416873725e-01
4.444915199999999872e-02 4.494629066618919810e-01
4.473136899999999999e-02 4.455580458026061619e-01
4.501358500000000179e-02 4.416774823968601660e-01
4.529580200000000306e-02 4.378214438951098519e-01
4.557801899999999740e-02 4.339902324692442304e-01
4.586023599999999867e-02 4.301840184766103081e-01
4.614245299999999994e-02 4.264027585606922632e-01
4.642467000000000121e-02 4.226464255810302717e-01
4.670688600000000301e-02 4.189152950072531079e-01
4.698910299999999735e-02 4.152097316850286712e-01
4.727131999999999862e-02 4.115299931739551664e-01
4.755353699999999989e-02 4.078760838705799419e-01
4.783575400000000116e-02 4.042480035137595573e-01
4.811797100000000244e-02 4.006458662943939153e-01
4.840018699999999729e-02 3.970698444240453595e-01
4.868240399999999857e-02 3.935200193883078290e-01
4.896462099999999984e-02 3.899964333490623658e-01
4.924683800000000111e-02 3.864991255610766285e-01
4.952905500000000238e-02 3.830282285686326671e-01
4.981127199999999672e-02 3.795839065379802979e-01
5.009348799999999852e-02 3.761662480527184216e-01
5.037570499999999979e-02 3.727751897689969840e-01
5.065792200000000106e-02 3.694107229092709055e-01
5.094013900000000233e-02 3.660729618215937120e-01
5.122235599999999667e-02 3.627620608029206162e-01
5.150457299999999794e-02 3.594780533358629127e-01
5.178678999999999921e-02 3.562208291643761959e-01
5.206900600000000101e-02 3.529903145230902095e-01
5.235122300000000228e-02 3.497865554594348225e-01
5.263343999999999662e-02 3.466096730140780235e-01
5.291565699999999789e-02 3.434596793011370774e-01
5.319787399999999916e-02 3.403364818394651881e-01
5.348009100000000043e-02 3.372400135348601058e-01
5.376230700000000223e-02 3.341703430609673786e-01
5.404452399999999657e-02 3.311275318692506464e-01
5.432674099999999784e-02 3.281115308666517905e-01
5.460895799999999911e-02 3.251221412651141840e-01
5.489117500000000038e-02 3.221592144565293414e-01
5.517339200000000166e-02 3.192228050585839139e-01
5.545560800000000345e-02 3.163130186862124771e-01
5.573782499999999779e-02 3.134298303825256982e-01
5.602004199999999906e-02 3.105731589932568260e-01
5.630225900000000033e-02 3.077429032363377392e-01
5.658447600000000161e-02 3.049389397223707387e-01
5.686669300000000288e-02 3.021611431283459659e-01
5.714890899999999774e-02 2.994094371278710476e-01
5.743112599999999901e-02 2.966837471919027136e-01
5.771334300000000028e-02 2.939840313819405693e-01
5.799556000000000155e-02 2.913102450311341185e-01
5.827777700000000283e-02 2.886623373844225404e-01
5.855999399999999716e-02 2.860401597002551477e-01
5.884220999999999896e-02 2.834435028290743230e-01
5.912442700000000023e-02 2.808721907822275266e-01
5.940664400000000150e-02 2.783262353438650250e-01
5.968886100000000278e-02 2.758056500923922183e-01
5.997107799999999711e-02 2.733102830776866776e-01
6.025329499999999838e-02 2.708398765875939529e-01
6.053551100000000018e-02 2.683942555935025509e-01
6.081772800000000145e-02 2.659733936125286413e-01
6.109994500000000273e-02 2.635772961407186754e-01
6.138216199999999706e-02 2.612057742239676239e-01
6.166437899999999833e-02 2.588585325692580041e-01
6.194659599999999960e-02 2.565353895701670273e-01
6.222881200000000140e-02 2.542364089197822752e-01
6.251102899999999574e-02 2.519616202771599034e-01
6.279324599999999701e-02 2.497107363530214896e-01
6.307546299999999828e-02 2.474832868416004805e-01
6.335767999999999955e-02 2.452790110321786399e-01
6.363989700000000083e-02 2.430980391190740442e-01
6.392211300000000263e-02 2.409405058309460612e-01
6.420433000000000390e-02 2.388061729000053590e-01
6.448654700000000517e-02 2.366946641476382895e-01
6.476876400000000644e-02 2.346057286247060503e-01
6.505098099999999384e-02 2.325393381697723749e-01
6.533319799999999511e-02 2.304954601600774644e-01
6.561541399999999691e-02 2.284738954886031681e-01
6.589763099999999818e-02 2.264743525330509821e-01
6.617984799999999945e-02 2.244966259373995521e-01
6.646206500000000073e-02 2.225406005251008290e-01
6.674428200000000200e-02 2.206061587870896956e-01
6.702649900000000327e-02 2.186931210988650454e-01
6.730871600000000454e-02 2.168012852952045100e-01
6.759093200000000634e-02 2.149304796846150112e-01
6.787314899999999374e-02 2.130805450335377382e-01
6.815536599999999501e-02 2.112513345140497045e-01
6.843758299999999628e-02 2.094426423737296150e-01
6.871979999999999755e-02 2.076542468082177295e-01
6.900201699999999883e-02 2.058859694860810940e-01
6.928423300000000062e-02 2.041376912036215185e-01
6.956645000000000190e-02 2.024092587152872824e-01
6.984866700000000317e-02 2.007004489198971620e-01
7.013088400000000444e-02 1.990110088313196968e-01
7.041310100000000571e-02 1.973407536728884193e-01
7.069531799999999311e-02 1.956895736453441725e-01
7.097753399999999491e-02 1.940573429375338221e-01
7.125975099999999618e-02 1.924438107761080874e-01
7.154196799999999745e-02 1.908487192316007386e-01
7.182418499999999872e-02 1.892718894624084713e-01
7.210640200000000000e-02 1.877132268597566378e-01
7.238861900000000127e-02 1.861726107979755629e-01
7.267083500000000307e-02 1.846498152999208331e-01
7.295305200000000434e-02 1.831445762556987988e-01
7.323526900000000561e-02 1.816567195046725758e-01
7.351748600000000688e-02 1.801861314733959329e-01
7.379970299999999428e-02 1.787326700238008881e-01
7.408191999999999555e-02 1.772960903189548798e-01
7.436413599999999735e-02 1.758761373174146103e-01
7.464635299999999862e-02 1.744726392523116287e-01
7.492856999999999990e-02 1.730855188907147735e-01
7.521078700000000117e-02 1.717146434303541136e-01
7.549300400000000244e-02 1.703597238017301174e-01
7.577522100000000371e-02 1.690204553478046601e-01
7.605743700000000551e-02 1.676967200704914396e-01
7.633965400000000678e-02 1.663885183290263747e-01
7.662187099999999418e-02 1.650957622862394836e-01
7.690408799999999545e-02 1.638180812062317582e-01
7.718630499999999672e-02 1.625550819378399903e-01
7.746852199999999800e-02 1.613066450243324235e-01
7.775073799999999979e-02 1.600728346287407788e-01
7.803295500000000107e-02 1.588535930603189039e-01
7.831517200000000234e-02 1.576486114811493366e-01
7.859738900000000361e-02 1.564575565747658992e-01
7.887960600000000488e-02 1.552802818587457612e-01
7.916182300000000616e-02 1.541167507980219509e-01
7.944403899999999408e-02 1.529668571829453649e-01
7.972625599999999535e-02 1.518303236070325246e-01
8.000847299999999662e-02 1.507068783523445865e-01
8.029068999999999789e-02 1.495963691745332558e-01
8.057290699999999917e-02 1.484987091447258767e-01
8.085512400000000044e-02 1.474137770516440737e-01
8.113734000000000224e-02 1.463413892366195734e-01
8.141955700000000351e-02 1.452813485327480170e-01
8.170177400000000478e-02 1.442335110065974813e-01
8.198399100000000606e-02 1.431977484913905807e-01
8.226620799999999345e-02 1.421739061425189854e-01
8.254842499999999472e-02 1.411617833932332644e-01
8.283064099999999652e-02 1.401611865814176294e-01
8.311285799999999779e-02 1.391719663041597332e-01
8.339507499999999907e-02 1.381940070105734664e-01
8.367729200000000034e-02 1.372271759661650437e-01
8.395950900000000161e-02 1.362713193934016742e-01
8.424172600000000288e-02 1.353262823928838843e-01
8.452394300000000416e-02 1.343919141772817460e-01
8.480615900000000595e-02 1.334680686057758137e-01
8.508837599999999335e-02 1.325545817152483929e-01
8.537059299999999462e-02 1.316512882819546593e-01
8.565280999999999589e-02 1.307580298058316770e-01
8.593502699999999717e-02 1.298747071184888635e-01
8.621724399999999844e-02 1.290012398340371902e-01
8.649946000000000024e-02 1.281374997160214524e-01
8.678167700000000151e-02 1.272832858581175175e-01
8.706389400000000278e-02 1.264384160203128604e-01
8.734611100000000405e-02 1.256027703226590686e-01
8.762832800000000533e-02 1.247762479764889937e-01
8.791054500000000660e-02 1.239587260792591461e-01
8.819276099999999452e-02 1.231500596845928747e-01
8.847497799999999579e-02 1.223500993486751898e-01
8.875719499999999706e-02 1.215587276103377717e-01
8.903941199999999834e-02 1.207758301586283611e-01
8.932162899999999961e-02 1.200012860911175566e-01
8.960384600000000088e-02 1.192349678096345095e-01
8.988606200000000268e-02 1.184767580077664140e-01
9.016827900000000395e-02 1.177265617402652037e-01
9.045049600000000523e-02 1.169842964763867510e-01
9.073271300000000650e-02 1.162498185345184482e-01
9.101492999999999389e-02 1.155229306464523459e-01
9.129714699999999516e-02 1.148034630099022818e-01
9.157936299999999696e-02 1.140913488863081332e-01
9.186157999999999824e-02 1.133865334415954246e-01
9.214379699999999951e-02 1.126889362785822163e-01
9.242601400000000078e-02 1.119984470374987551e-01
9.270823100000000205e-02 1.113149499068755155e-01
9.299044800000000333e-02 1.106383150088482564e-01
9.327266400000000512e-02 1.099684145545534175e-01
9.355488100000000640e-02 1.093051477930976068e-01
9.383709799999999379e-02 1.086484465646295056e-01
9.411931499999999506e-02 1.079982265579092077e-01
9.440153199999999634e-02 1.073543644775187961e-01
9.468374899999999761e-02 1.067167325895609364e-01
9.496596499999999941e-02 1.060852313031195870e-01
9.524818200000000068e-02 1.054597717942494101e-01
9.553039900000000195e-02 1.048402850684080345e-01
9.581261600000000322e-02 1.042267308556347194e-01
9.609483300000000450e-02 1.036190639050469653e-01
9.637705000000000577e-02 1.030171366506677649e-01
9.665926599999999369e-02 1.024207420419234044e-01
9.694148299999999496e-02 1.018297330897049990e-01
9.722369999999999624e-02 1.012441150695536501e-01
9.750591699999999751e-02 1.006639007406313624e-01
9.778813399999999878e-02 1.000890142115175713e-01
9.807035100000000005e-02 9.951933150532581152e-02
9.835256700000000185e-02 9.895475145825353980e-02
9.863478400000000312e-02 9.839520837417990717e-02
9.891700100000000440e-02 9.784064491587886325e-02
9.919921800000000567e-02 9.729098189912763206e-02
9.948143499999999306e-02 9.674613036823755119e-02
9.976365199999999434e-02 9.620599481821276444e-02
1.000458679999999961e-01 9.567047029838487981e-02
1.003280849999999974e-01 9.513945673373340461e-02
1.006103019999999987e-01 9.461294400022723927e-02
1.008925190000000000e-01 9.409095584327240025e-02
1.011747360000000012e-01 9.357344574611176080e-02
1.014569530000000025e-01 9.306025642543663823e-02
1.017391690000000043e-01 9.255123926209365970e-02
1.020213860000000056e-01 9.204634573162175093e-02
1.023036030000000068e-01 9.154557361694212747e-02
1.025858199999999942e-01 9.104889769180257719e-02
1.028680369999999955e-01 9.055626255781519529e-02
1.031502539999999968e-01 9.006760158025357843e-02
1.034324699999999986e-01 8.958279944538052875e-02
1.037146869999999999e-01 8.910172057189048866e-02
1.039969040000000011e-01 8.862432838665723622e-02
1.042791210000000024e-01 8.815070449997396140e-02
1.045613380000000037e-01 8.768089660478539660e-02
1.048435550000000049e-01 8.721474384670704905e-02
1.051257720000000062e-01 8.675202438594362131e-02
1.054079879999999941e-01 8.629263941881729072e-02
1.056902049999999954e-01 8.583662521182190697e-02
1.059724219999999967e-01 8.538401894810657144e-02
1.062546389999999980e-01 8.493480411193124469e-02
1.065368559999999992e-01 8.448894819276453472e-02
1.068190730000000005e-01 8.404638032120873015e-02
1.071012890000000023e-01 8.360699128304313610e-02
1.073835060000000036e-01 8.317068698334889598e-02
1.076657230000000048e-01 8.273746340164127300e-02
1.079479400000000061e-01 8.230733372743946619e-02
1.082301569999999935e-01 8.188026408739669526e-02
1.085123739999999948e-01 8.145617642650292145e-02
1.087945899999999966e-01 8.103500219833351115e-02
1.090768069999999978e-01 8.061670252054735364e-02
1.093590239999999991e-01 8.020125060041714826e-02
1.096412410000000004e-01 7.978862034139244663e-02
1.099234580000000017e-01 7.937878750150502427e-02
1.102056750000000029e-01 7.897171917949034892e-02
1.104878910000000047e-01 7.856735668151372531e-02
1.107701080000000060e-01 7.816563361623131423e-02
1.110523249999999934e-01 7.776651592832804771e-02
1.113345419999999947e-01 7.736998954495701020e-02
1.116167589999999959e-01 7.697603795310574426e-02
1.118989759999999972e-01 7.658463633788026304e-02
1.121811919999999990e-01 7.619575953064502971e-02
1.124634090000000003e-01 7.580937448926175493e-02
1.127456260000000016e-01 7.542544968769869518e-02
1.130278430000000028e-01 7.504393648999635458e-02
1.133100600000000041e-01 7.466474728116768989e-02
1.135922770000000054e-01 7.428779760447891400e-02
1.138744929999999933e-01 7.391310484173589657e-02
1.141567099999999946e-01 7.354074449457842499e-02
1.144389269999999958e-01 7.317074314515416289e-02
1.147211439999999971e-01 7.280300623818083960e-02
1.150033609999999984e-01 7.243743057446226652e-02
1.152855779999999997e-01 7.207398522503311034e-02
1.155677940000000015e-01 7.171268081411412421e-02
1.158500110000000027e-01 7.135351816231359778e-02
1.161322280000000040e-01 7.099648915604772625e-02
1.164144450000000053e-01 7.064157800308722146e-02
1.166966620000000066e-01 7.028872782330178315e-02
1.169788789999999939e-01 6.993786167107650387e-02
1.172610949999999957e-01 6.958895187380398362e-02
1.175433119999999970e-01 6.924205340811802334e-02
1.178255289999999983e-01 6.889721906988192923e-02
1.181077459999999996e-01 6.855439018459959233e-02
1.183899630000000008e-01 6.821345913250645432e-02
1.186721800000000021e-01 6.787435684163063698e-02
1.189543960000000039e-01 6.753707793614482924e-02
1.192366130000000052e-01 6.720162271910364027e-02
1.195188300000000065e-01 6.686801860385011009e-02
1.198010469999999938e-01 6.653630049319408934e-02
1.200832639999999951e-01 6.620646437728054667e-02
1.203654809999999964e-01 6.587844973492178180e-02
1.206476979999999977e-01 6.555219523460038833e-02
1.209299139999999995e-01 6.522766170268509689e-02
1.212121310000000007e-01 6.490481493272588776e-02
1.214943480000000020e-01 6.458365845803996919e-02
1.217765650000000033e-01 6.426423950118381745e-02
1.220587820000000046e-01 6.394658991867062381e-02
1.223409990000000058e-01 6.363064707921174679e-02
1.226232149999999937e-01 6.331632115849147868e-02
1.229054319999999950e-01 6.300358066702924087e-02
1.231876489999999963e-01 6.269247025532195816e-02
1.234698659999999976e-01 6.238302170513173456e-02
1.237520829999999988e-01 6.207519406539609153e-02
1.240343000000000001e-01 6.176892718883238848e-02
1.243165160000000019e-01 6.146420158894043417e-02
1.245987330000000032e-01 6.116103669974197465e-02
1.248809500000000045e-01 6.085945206837105326e-02
1.251631669999999918e-01 6.055944517297278534e-02
1.254453839999999931e-01 6.026100681183171881e-02
1.257276009999999944e-01 5.996409857599597354e-02
1.260098169999999962e-01 5.966865502632776042e-02
1.262920339999999975e-01 5.937462850154437422e-02
1.265742509999999987e-01 5.908205395923239733e-02
1.268564680000000000e-01 5.879098014217991330e-02
1.271386850000000013e-01 5.850140052113644851e-02
1.274209020000000026e-01 5.821326062170787546e-02
1.277031180000000044e-01 5.792652166349485099e-02
1.279853350000000056e-01 5.764119399984440895e-02
1.282675520000000069e-01 5.735730000861603145e-02
1.285497690000000082e-01 5.707483857812455097e-02
1.288319860000000094e-01 5.679379100512084444e-02
1.291142030000000107e-01 5.651413406366652403e-02
1.293964190000000125e-01 5.623583392771899780e-02
1.296786360000000138e-01 5.595885499059150697e-02
1.299608529999999873e-01 5.568320716392922975e-02
1.302430699999999886e-01 5.540892935232225036e-02
1.305252869999999898e-01 5.513604026178233614e-02
1.308075039999999911e-01 5.486450545195499517e-02
1.310897199999999929e-01 5.459428512563641728e-02
1.313719369999999942e-01 5.432535988061684001e-02
1.316541539999999955e-01 5.405772799713000343e-02
1.319363709999999967e-01 5.379139182114253681e-02
1.322185879999999980e-01 5.352636462941391671e-02
1.325008049999999993e-01 5.326265730312786106e-02
1.327830210000000011e-01 5.300024283686460835e-02
1.330652380000000023e-01 5.273906937178478305e-02
1.333474550000000036e-01 5.247910663324497488e-02
1.336296720000000049e-01 5.222036239134708602e-02
1.339118890000000062e-01 5.196285153063664314e-02
1.341941060000000074e-01 5.170660931844937164e-02
1.344763220000000092e-01 5.145168183388391936e-02
1.347585390000000105e-01 5.119805661451293233e-02
1.350407560000000118e-01 5.094562121174258523e-02
1.353229730000000131e-01 5.069427118181760172e-02
1.356051899999999866e-01 5.044405412674438788e-02
1.358874069999999878e-01 5.019508669912951804e-02
1.361696239999999891e-01 4.994741322985821186e-02
1.364518399999999909e-01 4.970095888022902503e-02
1.367340569999999922e-01 4.945564525788855720e-02
1.370162739999999935e-01 4.921146593861718682e-02
1.372984909999999947e-01 4.896844221553813686e-02
1.375807079999999960e-01 4.872659447356737783e-02
1.378629249999999973e-01 4.848594161403328023e-02
1.381451409999999991e-01 4.824649295914101160e-02
1.384273580000000003e-01 4.800819391597271196e-02
1.387095750000000016e-01 4.777097128564090217e-02
1.389917920000000029e-01 4.753481246363890772e-02
1.392740090000000042e-01 4.729978721812409109e-02
1.395562260000000054e-01 4.706595318741423062e-02
1.398384420000000072e-01 4.683327434832196268e-02
1.401206590000000085e-01 4.660168260664117323e-02
1.404028760000000098e-01 4.637116117156839246e-02
1.406850930000000111e-01 4.614175145330302180e-02
1.409673100000000123e-01 4.591348712106707586e-02
1.412495270000000136e-01 4.568634901468974358e-02
1.415317429999999876e-01 4.546030336982068848e-02
1.418139599999999889e-01 4.523531572344134666e-02
1.420961769999999902e-01 4.501135587543082794e-02
1.423783939999999915e-01 4.478840887638214224e-02
1.426606109999999927e-01 4.456652625649562549e-02
1.429428279999999940e-01 4.434577382605874724e-02
1.432250439999999958e-01 4.412615051063323995e-02
1.435072609999999971e-01 4.390758631566347298e-02
1.437894779999999983e-01 4.369003254019959703e-02
1.440716949999999996e-01 4.347352030988132360e-02
1.443539120000000009e-01 4.325809596682199387e-02
1.446361290000000022e-01 4.304374143394863739e-02
1.449183450000000040e-01 4.283038217608340498e-02
1.452005620000000052e-01 4.261797126251942042e-02
1.454827790000000065e-01 4.240656897020997351e-02
1.457649960000000078e-01 4.219625125404460192e-02
1.460472130000000091e-01 4.198701231914388904e-02
1.463294300000000103e-01 4.177878087287760500e-02
1.466116460000000121e-01 4.157150709706813191e-02
1.468938630000000134e-01 4.136520523364487639e-02
1.471760799999999869e-01 4.115990228210778673e-02
1.474582969999999882e-01 4.095560354354971233e-02
1.477405139999999895e-01 4.075229917294006382e-02
1.480227309999999907e-01 4.054998045536471751e-02
1.483049469999999925e-01 4.034864322834755962e-02
1.485871639999999938e-01 4.014828256122084105e-02
1.488693809999999951e-01 3.994890448638789560e-02
1.491515979999999963e-01 3.975052002238711052e-02
1.494338149999999976e-01 3.955312902151833510e-02
1.497160319999999989e-01 3.935670496256991197e-02
1.499982480000000007e-01 3.916122091290454021e-02
1.502804650000000020e-01 3.896667515366881995e-02
1.505626820000000032e-01 3.877308397083741032e-02
1.508448990000000045e-01 3.858045240947001464e-02
1.511271160000000058e-01 3.838876296868349441e-02
1.514093330000000071e-01 3.819799714395181317e-02
1.516915490000000089e-01 3.800815352805163305e-02
1.519737660000000101e-01 3.781923733195076409e-02
1.522559830000000114e-01 3.763125413710609324e-02
1.525382000000000127e-01 3.744420560045695623e-02
1.528204169999999862e-01 3.725809327800150977e-02
1.531026339999999875e-01 3.707292075657511038e-02
1.533848509999999887e-01 3.688869229481221701e-02
1.536670669999999905e-01 3.670539065681339974e-02
1.539492839999999918e-01 3.652295918747842235e-02
1.542315009999999931e-01 3.634135206654446476e-02
1.545137179999999943e-01 3.616060944554627676e-02
1.547959349999999956e-01 3.598080725153578185e-02
1.550781519999999969e-01 3.580197065382930560e-02
1.553603679999999987e-01 3.562404795691882092e-02
1.556425850000000000e-01 3.544698681148386599e-02
1.559248020000000012e-01 3.527078417981096420e-02
1.562070190000000025e-01 3.509545412198552400e-02
1.564892360000000038e-01 3.492100130281645259e-02
1.567714530000000051e-01 3.474741744959521789e-02
1.570536690000000069e-01 3.457469611727622544e-02
1.573358860000000081e-01 3.440284072069878935e-02
1.576181030000000094e-01 3.423186010056124967e-02
1.579003200000000107e-01 3.406174989760589467e-02
1.581825370000000119e-01 3.389249017504741140e-02
1.584647540000000132e-01 3.372406556164347230e-02
1.587469699999999873e-01 3.355648792824583032e-02
1.590291869999999885e-01 3.338977456468342903e-02
1.593114039999999898e-01 3.322392146249170120e-02
1.595936209999999911e-01 3.305889824689552114e-02
1.598758379999999923e-01 3.289468298026847204e-02
1.601580549999999936e-01 3.273129564063391450e-02
1.604402709999999954e-01 3.256876640054923167e-02
1.607224879999999967e-01 3.240708657458898218e-02
1.610047049999999980e-01 3.224621178972858493e-02
1.612869219999999992e-01 3.208611006997584558e-02
1.615691390000000005e-01 3.192680507582518895e-02
1.618513560000000018e-01 3.176833214931069210e-02
1.621335720000000036e-01 3.161069700762707962e-02
1.624157890000000048e-01 3.145387624429334811e-02
1.626980060000000061e-01 3.129785505960454295e-02
1.629802230000000074e-01 3.114264492265376993e-02
1.632624400000000087e-01 3.098826057856706589e-02
1.635446570000000099e-01 3.083467727421954768e-02
1.638268730000000117e-01 3.068183840139694293e-02
1.641090900000000130e-01 3.052971631654555554e-02
1.643913069999999865e-01 3.037838005023064253e-02
1.646735239999999878e-01 3.022790867940720189e-02
1.649557409999999891e-01 3.007827909448748324e-02
1.652379579999999903e-01 2.992939262104269207e-02
1.655201739999999921e-01 2.978119169040737563e-02
1.658023909999999934e-01 2.963373100972607407e-02
1.660846079999999947e-01 2.948708044822397761e-02
1.663668249999999960e-01 2.934124430536293876e-02
1.666490419999999972e-01 2.919618352508121517e-02
1.669312589999999985e-01 2.905186731497886449e-02
1.672134750000000003e-01 2.890828713734450509e-02
1.674956920000000016e-01 2.876543780927794461e-02
1.677779090000000028e-01 2.862333343706680716e-02
1.680601260000000041e-01 2.848199818847142045e-02
1.683423430000000054e-01 2.834143947588469575e-02
1.686245600000000067e-01 2.820162835846524996e-02
1.689067770000000079e-01 2.806253350878228081e-02
1.691889930000000097e-01 2.792414557129037009e-02
1.694712100000000110e-01 2.778646543491924970e-02
1.697534270000000123e-01 2.764950943660900162e-02
1.700356440000000136e-01 2.751332017117299675e-02
1.703178609999999871e-01 2.737793206558221740e-02
1.706000779999999883e-01 2.724328876486538722e-02
1.708822939999999901e-01 2.710929122869337043e-02
1.711645109999999914e-01 2.697590764867668911e-02
1.714467279999999927e-01 2.684322717803680133e-02
1.717289449999999940e-01 2.671133395828499332e-02
1.720111619999999952e-01 2.658019481054563551e-02
1.722933789999999965e-01 2.644972654221058872e-02
1.725755949999999983e-01 2.631990299778240103e-02
1.728578119999999996e-01 2.619078523149334994e-02
1.731400290000000008e-01 2.606242833208147550e-02
1.734222460000000021e-01 2.593479222054454955e-02
1.737044630000000034e-01 2.580780132656733741e-02
1.739866800000000047e-01 2.568144027884680311e-02
1.742688960000000065e-01 2.555577886539996471e-02
1.745511130000000077e-01 2.543087387821234627e-02
1.748333300000000090e-01 2.530668291686510168e-02
1.751155470000000103e-01 2.518312972603098041e-02
1.753977640000000116e-01 2.506019118253790395e-02
1.756799810000000128e-01 2.493791153131745542e-02
1.759621969999999869e-01 2.481632814326051664e-02
1.762444139999999881e-01 2.469541947109087088e-02
1.765266309999999894e-01 2.457514880565082882e-02
1.768088479999999907e-01 2.445551893760113810e-02
1.770910649999999920e-01 2.433657831370986818e-02
1.773732819999999932e-01 2.421835866097827444e-02
1.776554979999999950e-01 2.410080759962370325e-02
1.779377149999999963e-01 2.398385098828762635e-02
1.782199319999999976e-01 2.386748210671932324e-02
1.785021489999999988e-01 2.375176209060764557e-02
1.787843660000000001e-01 2.363673434670102852e-02
1.790665830000000014e-01 2.352236070658960190e-02
1.793487990000000032e-01 2.340858628890472512e-02
1.796310160000000045e-01 2.329541216997790820e-02
1.799132330000000057e-01 2.318289387188285366e-02
1.801954500000000070e-01 2.307106489813452385e-02
1.804776670000000083e-01 2.295987657033920354e-02
1.807598840000000096e-01 2.284926614879457737e-02
1.810421000000000114e-01 2.273923612250827730e-02
1.813243170000000126e-01 2.262984229259539307e-02
1.816065339999999861e-01 2.252112097915679942e-02
1.818887509999999874e-01 2.241303897005424151e-02
1.821709679999999887e-01 2.230555184714208897e-02
1.824531849999999900e-01 2.219864627610529037e-02
1.827354009999999918e-01 2.209233285818546291e-02
1.830176179999999930e-01 2.198661914101246451e-02
1.832998349999999943e-01 2.188150687861452684e-02
1.835820519999999956e-01 2.177699635255450281e-02
1.838642689999999968e-01 2.167308896928266809e-02
1.841464859999999981e-01 2.156978688466692357e-02
1.844287029999999994e-01 2.146708556307395585e-02
1.847109190000000012e-01 2.136496430040870503e-02
1.849931360000000025e-01 2.126340221230486882e-02
1.852753530000000037e-01 2.116241664900454095e-02
1.855575700000000050e-01 2.106204731591832663e-02
1.858397870000000063e-01 2.096230649532787593e-02
1.861220040000000076e-01 2.086314523435511478e-02
1.864042200000000093e-01 2.076451195351965845e-02
1.866864370000000106e-01 2.066640352763944935e-02
1.869686540000000119e-01 2.056884524346812293e-02
1.872508710000000132e-01 2.047185874371543549e-02
1.875330879999999867e-01 2.037545858225198181e-02
1.878153049999999880e-01 2.027965633242174298e-02
1.880975209999999898e-01 2.018444599656097488e-02
1.883797379999999910e-01 2.008981158055824293e-02
1.886619549999999923e-01 1.999573017942082517e-02
1.889441719999999936e-01 1.990216458418092582e-02
1.892263889999999948e-01 1.980908430223889474e-02
1.895086059999999961e-01 1.971651867268365416e-02
1.897908219999999979e-01 1.962452349915610322e-02
1.900730389999999992e-01 1.953312037918074340e-02
1.903552560000000005e-01 1.944227858235214254e-02
1.906374730000000017e-01 1.935196620810596124e-02
1.909196900000000030e-01 1.926217686240632582e-02
1.912019070000000043e-01 1.917291429138119271e-02
1.914841230000000061e-01 1.908418129478909112e-02
1.917663400000000073e-01 1.899597787868427187e-02
1.920485570000000086e-01 1.890830441047883226e-02
1.923307740000000099e-01 1.882115842314750417e-02
1.926129910000000112e-01 1.873453661082677760e-02
1.928952080000000124e-01 1.864843790981232999e-02
1.931774239999999865e-01 1.856286446964276401e-02
1.934596409999999878e-01 1.847781522123758888e-02
1.937418579999999890e-01 1.839327726294109899e-02
1.940240749999999903e-01 1.830923330329062987e-02
1.943062919999999916e-01 1.822566473619057978e-02
1.945885089999999928e-01 1.814255141854964268e-02
1.948707249999999946e-01 1.805988846829957237e-02
1.951529419999999959e-01 1.797773817608482039e-02
1.954351589999999972e-01 1.789617945026827570e-02
1.957173759999999985e-01 1.781520239472782555e-02
1.959995929999999997e-01 1.773470360539363203e-02
1.962818100000000010e-01 1.765460717732561871e-02
1.965640260000000028e-01 1.757496594027238221e-02
1.968462430000000041e-01 1.749586027558787046e-02
1.971284600000000053e-01 1.741728997106836360e-02
1.974106770000000066e-01 1.733917687400321830e-02
1.976928940000000079e-01 1.726146591244440143e-02
1.979751110000000092e-01 1.718419548884427342e-02
1.982573270000000110e-01 1.710742299677333114e-02
1.985395440000000122e-01 1.703116696538486269e-02
1.988217610000000135e-01 1.695541399557790735e-02
1.991039779999999870e-01 1.688014593658018758e-02
1.993861949999999883e-01 1.680533380061341106e-02
1.996684119999999896e-01 1.673094834679505691e-02
1.999506289999999908e-01 1.665698904914539660e-02
2.002328449999999926e-01 1.658347792613843255e-02
2.005150619999999939e-01 1.651042985314601919e-02
2.007972789999999952e-01 1.643784081146906079e-02
2.010794959999999965e-01 1.636570332756805829e-02
2.013617129999999977e-01 1.629401339087889131e-02
2.016439299999999990e-01 1.622276942218164528e-02
2.019261460000000008e-01 1.615197322808047814e-02
2.022083630000000021e-01 1.608163366837227909e-02
2.024905800000000033e-01 1.601175921584409301e-02
2.027727970000000046e-01 1.594233155196185872e-02
2.030550140000000059e-01 1.587331570176213000e-02
2.033372310000000072e-01 1.580469311240765423e-02
2.036194470000000090e-01 1.573648322500242891e-02
2.039016640000000102e-01 1.566870822623508616e-02
2.041838810000000115e-01 1.560137413758819029e-02
2.044660980000000128e-01 1.553447711766737203e-02
2.047483149999999863e-01 1.546800730380796726e-02
2.050305319999999876e-01 1.540194284278680915e-02
2.053127479999999894e-01 1.533626488045553016e-02
2.055949649999999906e-01 1.527099010996847694e-02
2.058771819999999919e-01 1.520615411948512963e-02
2.061593989999999932e-01 1.514176643075186394e-02
2.064416159999999945e-01 1.507778925166747275e-02
2.067238329999999957e-01 1.501418512320496813e-02
2.070060489999999975e-01 1.495095726574925676e-02
2.072882659999999988e-01 1.488812656613399364e-02
2.075704830000000001e-01 1.482570452936161388e-02
2.078527000000000013e-01 1.476368581391479182e-02
2.081349170000000026e-01 1.470206411878683360e-02
2.084171340000000039e-01 1.464083700740978489e-02
2.086993500000000057e-01 1.458000380693582482e-02
2.089815670000000070e-01 1.451956153755297289e-02
2.092637840000000082e-01 1.445950541065612466e-02
2.095460010000000095e-01 1.439983054957283230e-02
2.098282180000000108e-01 1.434053399739261547e-02
2.101104350000000121e-01 1.428161346621702188e-02
2.103926510000000139e-01 1.422306554507366677e-02
2.106748679999999874e-01 1.416488443253493580e-02
2.109570849999999886e-01 1.410706744471376325e-02
2.112393019999999899e-01 1.404962537771718006e-02
2.115215189999999912e-01 1.399257286887710047e-02
2.118037359999999925e-01 1.393590432284182515e-02
2.120859519999999943e-01 1.387959008740589570e-02
2.123681689999999955e-01 1.382360710600210978e-02
2.126503859999999968e-01 1.376797298401986891e-02
2.129326029999999981e-01 1.371271600889429308e-02
2.132148199999999993e-01 1.365784475679989590e-02
2.134970370000000006e-01 1.360334648057178603e-02
2.137792530000000024e-01 1.354920598413499391e-02
2.140614700000000037e-01 1.349540098932820210e-02
2.143436870000000050e-01 1.344190927097619302e-02
2.146259040000000062e-01 1.338873387944999709e-02
2.149081210000000075e-01 1.333590273080260263e-02
2.151903380000000088e-01 1.328343693822625453e-02
2.154725540000000106e-01 1.323132904063363882e-02
2.157547710000000118e-01 1.317956497711846205e-02
2.160369880000000131e-01 1.312814137138040155e-02
2.163192049999999866e-01 1.307706358661690250e-02
2.166014219999999879e-01 1.302632992743769751e-02
2.168836389999999892e-01 1.297591466120193680e-02
2.171658559999999905e-01 1.292578938774300266e-02
2.174480719999999923e-01 1.287596091077808022e-02
2.177302889999999935e-01 1.282646334253534012e-02
2.180125059999999948e-01 1.277732004105743696e-02
2.182947229999999961e-01 1.272851913298718093e-02
2.185769399999999973e-01 1.268004299493947010e-02
2.188591569999999986e-01 1.263188190966749516e-02
2.191413730000000004e-01 1.258403199921379403e-02
2.194235900000000017e-01 1.253649019312261942e-02
2.197058070000000030e-01 1.248925702432366995e-02
2.199880240000000042e-01 1.244233388537195964e-02
2.202702410000000055e-01 1.239572838767223455e-02
2.205524580000000068e-01 1.234945209851819742e-02
2.208346740000000086e-01 1.230350135930485291e-02
2.211168910000000098e-01 1.225783614758185411e-02
2.213991080000000111e-01 1.221241786694798361e-02
2.216813250000000124e-01 1.216726866338381334e-02
2.219635420000000137e-01 1.212244587443050102e-02
2.222457589999999872e-01 1.207797505482434940e-02
2.225279749999999890e-01 1.203381490394651865e-02
2.228101919999999903e-01 1.198991942004935113e-02
2.230924089999999915e-01 1.194627959390726427e-02
2.233746259999999928e-01 1.190290541412506418e-02
2.236568429999999941e-01 1.185981551636719825e-02
2.239390599999999953e-01 1.181704436832842903e-02
2.242212759999999971e-01 1.177461997347158291e-02
2.245034929999999984e-01 1.173250494826476656e-02
2.247857099999999997e-01 1.169063244378254311e-02
2.250679270000000010e-01 1.164897356995339174e-02
2.253501440000000022e-01 1.160756368007417015e-02
2.256323610000000035e-01 1.156644137694102029e-02
2.259145770000000053e-01 1.152562556487685304e-02
2.261967940000000066e-01 1.148512595003794642e-02
2.264790110000000078e-01 1.144492809488016800e-02
2.267612280000000091e-01 1.140498033468265171e-02
2.270434450000000104e-01 1.136523864860685372e-02
2.273256620000000117e-01 1.132572406940566233e-02
2.276078780000000135e-01 1.128648155601184519e-02
2.278900949999999870e-01 1.124752912192222322e-02
2.281723119999999883e-01 1.120884903097094966e-02
2.284545289999999895e-01 1.117042464018254584e-02
2.287367459999999908e-01 1.113225986449443983e-02
2.290189629999999921e-01 1.109436507936976089e-02
2.293011789999999939e-01 1.105673639943802362e-02
2.295833959999999951e-01 1.101935186560620492e-02
2.298656129999999964e-01 1.098219548706854537e-02
2.301478299999999977e-01 1.094528288610931502e-02
2.304300469999999990e-01 1.090863823562970847e-02
2.307122640000000002e-01 1.087226032966257146e-02
2.309944800000000020e-01 1.083611997833902781e-02
2.312766970000000033e-01 1.080019314842646690e-02
2.315589140000000046e-01 1.076448587869607149e-02
2.318411310000000058e-01 1.072901162617464002e-02
2.321233480000000071e-01 1.069377643096150465e-02
2.324055650000000084e-01 1.065877891840147189e-02
2.326877820000000097e-01 1.062401732134532484e-02
2.329699980000000115e-01 1.058948972960199568e-02
2.332522150000000127e-01 1.055519429657403481e-02
2.335344319999999863e-01 1.052113902417504444e-02
2.338166489999999875e-01 1.048734034428203121e-02
2.340988659999999888e-01 1.045380288441568814e-02
2.343810829999999901e-01 1.042049066390751677e-02
2.346632989999999919e-01 1.038736174223451984e-02
2.349455159999999931e-01 1.035441335567228484e-02
2.352277329999999944e-01 1.032167527139834021e-02
2.355099499999999957e-01 1.028917155741500625e-02
2.357921669999999970e-01 1.025690681991965267e-02
2.360743839999999982e-01 1.022488112822217063e-02
2.363566000000000000e-01 1.019308183027886269e-02
2.366388170000000013e-01 1.016148652825372978e-02
2.369210340000000026e-01 1.013008128769330232e-02
2.372032510000000038e-01 1.009887428688887277e-02
2.374854680000000051e-01 1.006787651417895280e-02
2.377676850000000064e-01 1.003708871918488656e-02
2.380499010000000082e-01 1.000650499651895703e-02
2.383321180000000095e-01 9.976122254314103224e-03
2.386143350000000107e-01 9.945945487356147932e-03
2.388965520000000120e-01 9.915979331431486535e-03
2.391787690000000133e-01 9.886213991144310320e-03
2.394609859999999868e-01 9.856631144312438114e-03
2.397432019999999886e-01 9.827224255347426218e-03
2.400254189999999899e-01 9.798011637114623779e-03
2.403076359999999911e-01 9.769012539576963500e-03
2.405898529999999924e-01 9.740222302511690813e-03
2.408720699999999937e-01 9.711623596844288359e-03
2.411542869999999950e-01 9.683207673234368526e-03
2.414365029999999968e-01 9.654982530892187303e-03
2.417187199999999980e-01 9.626955684689688167e-03
2.420009369999999993e-01 9.599118417547323340e-03
2.422831540000000006e-01 9.571454036968180326e-03
2.425653710000000018e-01 9.543951364264119039e-03
2.428475880000000031e-01 9.516608788995061310e-03
2.431298040000000049e-01 9.489429049798717847e-03
2.434120210000000062e-01 9.462437957481117587e-03
2.436942380000000075e-01 9.435671107343300557e-03
2.439764550000000087e-01 9.409130467621051180e-03
2.442586720000000100e-01 9.382766059953639992e-03
2.445408890000000113e-01 9.356532236968789079e-03
2.448231050000000131e-01 9.330438287230402583e-03
2.451053219999999866e-01 9.304513958349254488e-03
2.453875389999999879e-01 9.278771981009603306e-03
2.456697559999999891e-01 9.253200821208147978e-03
2.459519729999999904e-01 9.227789200150186485e-03
2.462341899999999917e-01 9.202537158967776659e-03
2.465164059999999935e-01 9.177448661207803296e-03
2.467986229999999948e-01 9.152525380241759850e-03
2.470808399999999960e-01 9.127766708062954454e-03
2.473630569999999973e-01 9.103173253509242238e-03
2.476452739999999986e-01 9.078752827229112296e-03
2.479274909999999998e-01 9.054514705989849532e-03
2.482097080000000011e-01 9.030446608541135151e-03
2.484919240000000029e-01 9.006511887999458718e-03
2.487741410000000042e-01 8.982682381018044018e-03
2.490563580000000055e-01 8.958974012665002484e-03
2.493385750000000067e-01 8.935414249216679441e-03
2.496207920000000080e-01 8.912023062212864888e-03
2.499030090000000093e-01 8.888812751301631426e-03
2.501852250000000111e-01 8.865785841782203996e-03
2.504674419999999846e-01 8.842907783913375730e-03
2.507496590000000136e-01 8.820137309504871848e-03
2.510318759999999871e-01 8.797472191143781983e-03
2.513140930000000162e-01 8.774946345921786489e-03
2.515963099999999897e-01 8.752586065105674024e-03
2.518785259999999915e-01 8.730386777721135458e-03
2.521607430000000205e-01 8.708337139683178241e-03
2.524429599999999940e-01 8.686428063706274141e-03
2.527251770000000231e-01 8.664652067703507848e-03
2.530073939999999966e-01 8.643000841214202104e-03
2.532896110000000256e-01 8.621463375577925747e-03
2.535718270000000274e-01 8.600030137323586357e-03
2.538540440000000009e-01 8.578719033278342163e-03
2.541362609999999744e-01 8.557568974844565954e-03
2.544184780000000035e-01 8.536599206016558597e-03
2.547006949999999770e-01 8.515774005732180615e-03
2.549829120000000060e-01 8.495050944045859365e-03
2.552651280000000078e-01 8.474420035765173678e-03
2.555473449999999813e-01 8.453893014903478276e-03
2.558295620000000103e-01 8.433481501859775575e-03
2.561117789999999839e-01 8.413195212878853482e-03
2.563939960000000129e-01 8.393042849278118181e-03
2.566762129999999864e-01 8.373025121918923827e-03
2.569584289999999882e-01 8.353137916323959480e-03
2.572406460000000172e-01 8.333373064270867964e-03
2.575228629999999908e-01 8.313714356129205812e-03
2.578050800000000198e-01 8.294147303463316953e-03
2.580872969999999933e-01 8.274684564084698254e-03
2.583695140000000223e-01 8.255353592942042684e-03
2.586517300000000241e-01 8.236169593002736974e-03
2.589339469999999976e-01 8.217123094776557918e-03
2.592161640000000267e-01 8.198200015165276258e-03
2.594983810000000002e-01 8.179369924264183120e-03
2.597805979999999737e-01 8.160594786888403576e-03
2.600628150000000027e-01 8.141872725130883809e-03
2.603450310000000045e-01 8.123265744599907079e-03
2.606272479999999780e-01 8.104831289745959705e-03
2.609094650000000071e-01 8.086548071355342468e-03
2.611916819999999806e-01 8.068360308915873899e-03
2.614738990000000096e-01 8.050239763216183661e-03
2.617561159999999831e-01 8.032202101386033688e-03
2.620383319999999849e-01 8.014263491180183968e-03
2.623205490000000140e-01 7.996417724545734629e-03
2.626027659999999875e-01 7.978650384549978991e-03
2.628849830000000165e-01 7.960964745958509434e-03
2.631671999999999900e-01 7.943389467510287780e-03
2.634494170000000191e-01 7.925949471895198106e-03
2.637316330000000208e-01 7.908637436359913092e-03
2.640138499999999944e-01 7.891434465366133771e-03
2.642960670000000234e-01 7.874322189843413131e-03
2.648605010000000259e-01 7.840302608015511585e-03
2.651427179999999995e-01 7.823392838431187518e-03
2.654249349999999730e-01 7.806571388935742983e-03
2.657071509999999748e-01 7.789850328475377179e-03
2.659893680000000038e-01 7.773234517666153393e-03
2.662715849999999773e-01 7.756724900552788154e-03
2.665538020000000063e-01 7.740305791058616457e-03
2.668360189999999799e-01 7.723957558485928555e-03
2.671182360000000089e-01 7.707677928952515189e-03
2.674004520000000107e-01 7.691482877304907026e-03
2.676826689999999842e-01 7.675383273634518722e-03
2.679648860000000132e-01 7.659367105286099542e-03
2.682471029999999867e-01 7.643417191482229818e-03
2.685293200000000158e-01 7.627529385312175475e-03
2.688115369999999893e-01 7.611711870150889014e-03
2.690937529999999911e-01 7.595976968605733758e-03
2.693759700000000201e-01 7.580349574136222186e-03
2.696581869999999936e-01 7.564854514573303434e-03
2.699404040000000227e-01 7.549462961912309193e-03
2.702226209999999962e-01 7.534100341697977377e-03
2.705048380000000252e-01 7.518724916287124367e-03
2.707870540000000270e-01 7.503403046492924597e-03
2.710692710000000005e-01 7.488216631706524559e-03
2.713514879999999740e-01 7.473165155198743109e-03
2.716337050000000031e-01 7.458184479364586734e-03
2.719159219999999766e-01 7.443235451779072788e-03
2.721981390000000056e-01 7.428353662665205213e-03
2.724803550000000074e-01 7.413582845315920718e-03
2.727625719999999809e-01 7.398903153229423151e-03
2.730447890000000100e-01 7.384250955426830722e-03
2.733270059999999835e-01 7.369596679282768015e-03
2.736092230000000125e-01 7.354998504288093666e-03
2.738914399999999860e-01 7.340521487102043621e-03
2.741736559999999878e-01 7.326156567799210761e-03
2.744558730000000168e-01 7.311848279439469959e-03
2.747380899999999904e-01 7.297566519132289362e-03
2.750203070000000194e-01 7.283339288053154031e-03
2.753025239999999929e-01 7.269198838910573106e-03
2.755847410000000219e-01 7.255141809782123842e-03
2.758669570000000237e-01 7.241144933564047821e-03
2.761491739999999973e-01 7.227195039240499365e-03
2.764313910000000263e-01 7.213300159275867415e-03
2.767136079999999998e-01 7.199469814862114424e-03
2.769958249999999733e-01 7.185705150640625538e-03
2.772780420000000023e-01 7.172003120168048834e-03
2.775602580000000041e-01 7.158364517795488303e-03
2.778424749999999777e-01 7.144796901841621480e-03
2.781246920000000067e-01 7.131305271024547532e-03
2.784069089999999802e-01 7.117868911320626019e-03
2.786891260000000092e-01 7.104455862793413075e-03
2.789713429999999827e-01 7.091060058748397364e-03
2.792535589999999845e-01 7.077717632025267054e-03
2.798179929999999871e-01 7.051290923506392874e-03
2.801002100000000161e-01 7.038182928316497056e-03
2.803824269999999896e-01 7.025126148889588619e-03
2.806646440000000187e-01 7.012118514393417962e-03
2.809468609999999922e-01 6.999158391830925460e-03
2.812290769999999940e-01 6.986241914807731976e-03
2.815112940000000230e-01 6.973364484204417138e-03
2.817935109999999965e-01 6.960530882365995736e-03
2.820757280000000256e-01 6.947758034329422176e-03
2.823579449999999991e-01 6.935058242338168651e-03
2.826401619999999726e-01 6.922415534626915126e-03
2.829223779999999744e-01 6.909805521246393037e-03
2.832045950000000034e-01 6.897225163364627265e-03
2.834868119999999769e-01 6.884697111191450530e-03
2.837690290000000060e-01 6.872239040497797428e-03
2.840512459999999795e-01 6.859839083686230209e-03
2.843334630000000085e-01 6.847477337836381517e-03
2.846156790000000103e-01 6.835145955359204009e-03
2.848978959999999838e-01 6.822849848732905759e-03
2.851801130000000128e-01 6.810597158700711258e-03
2.854623299999999864e-01 6.798406055034298193e-03
2.857445470000000154e-01 6.786295880712986395e-03
2.860267639999999889e-01 6.774255517485976673e-03
2.863089799999999907e-01 6.762244384553640388e-03
2.868734139999999933e-01 6.738246200864831531e-03
2.871556310000000223e-01 6.726311922710758937e-03
2.874378479999999958e-01 6.714443572761084715e-03
2.877200650000000248e-01 6.702636572294160509e-03
2.880022810000000266e-01 6.690882743256438593e-03
2.882844980000000001e-01 6.679163836868022043e-03
2.885667149999999737e-01 6.667461543021217796e-03
2.888489320000000027e-01 6.655785780751632616e-03
2.891311489999999762e-01 6.644168752289196858e-03
2.894133660000000052e-01 6.632628618808807802e-03
2.896955820000000070e-01 6.621141365319643986e-03
2.899777989999999805e-01 6.609677066374014358e-03
2.902600160000000096e-01 6.598229521007234477e-03
2.905422329999999831e-01 6.586809266885686187e-03
2.908244500000000121e-01 6.575424949508547161e-03
2.911066669999999856e-01 6.564079422334800386e-03
2.916711000000000165e-01 6.541517099192733185e-03
2.922355340000000190e-01 6.519163703500667137e-03
2.925177509999999925e-01 6.508046075160323247e-03
2.927999680000000216e-01 6.496939643325823355e-03
2.930821840000000233e-01 6.485851567497964362e-03
2.933644009999999969e-01 6.474805097049523075e-03
2.936466180000000259e-01 6.463811481998712506e-03
2.939288349999999994e-01 6.452856538517484815e-03
2.942110519999999729e-01 6.441925126495597238e-03
2.947754850000000038e-01 6.420158644881197516e-03
2.950577019999999773e-01 6.409348259296615037e-03
2.953399190000000063e-01 6.398595412638249935e-03
2.956221359999999798e-01 6.387901853885949444e-03
2.961865699999999824e-01 6.366597738613043872e-03
2.964687870000000114e-01 6.355946797710228073e-03
2.967510030000000132e-01 6.345322335254113995e-03
2.970332199999999867e-01 6.334751007942033760e-03
2.973154370000000157e-01 6.324222243304888393e-03
2.975976539999999892e-01 6.313710311058279116e-03
2.978798710000000183e-01 6.303212213759655687e-03
2.981620879999999918e-01 6.292759090539697467e-03
2.984443039999999936e-01 6.282376644748609643e-03
2.987265210000000226e-01 6.272040736271150378e-03
2.992909550000000252e-01 6.251369727387910864e-03
2.995731719999999987e-01 6.241046786788629133e-03
2.998553890000000277e-01 6.230766467155957576e-03
3.001376049999999740e-01 6.220541840659233636e-03
3.007020389999999765e-01 6.200276370021343651e-03
3.009842560000000056e-01 6.190199382220816157e-03
3.015486900000000081e-01 6.170058514138127004e-03
3.018309060000000099e-01 6.160005101445568607e-03
3.021131229999999834e-01 6.149974393508103598e-03
3.023953400000000125e-01 6.139974276965165512e-03
3.029597740000000150e-01 6.120102053797525123e-03
3.032419909999999885e-01 6.110251479453145292e-03
3.035242069999999903e-01 6.100448116209654381e-03
3.038064240000000193e-01 6.090654776403811067e-03
3.040886409999999929e-01 6.080847360552720827e-03
3.046530749999999954e-01 6.061313404344158447e-03
3.049352920000000244e-01 6.051630069264814053e-03
3.052175080000000262e-01 6.041978264564630552e-03
3.054997249999999998e-01 6.032336830405828423e-03
3.057819419999999733e-01 6.022703934402095539e-03
3.069108090000000066e-01 5.984387329619650017e-03
3.074752430000000092e-01 5.965485714491324150e-03
3.077574599999999827e-01 5.956094327292049684e-03
3.083218939999999852e-01 5.937322167298240451e-03
3.086041099999999870e-01 5.927948971761180796e-03
3.088863270000000161e-01 5.918616290731938331e-03
3.094507610000000186e-01 5.900064367263901585e-03
3.097329779999999921e-01 5.890822469148031607e-03
3.100151950000000212e-01 5.881601621327172194e-03
3.102974110000000230e-01 5.872405141772128571e-03
3.105796279999999965e-01 5.863239781332689644e-03
3.108618450000000255e-01 5.854114434120905562e-03
3.111440619999999990e-01 5.845031258981391552e-03
3.114262789999999725e-01 5.835978182614613013e-03
3.117084960000000016e-01 5.826941791485438366e-03
3.122729289999999769e-01 5.808884782863225037e-03
3.128373629999999794e-01 5.790874585156441205e-03
3.134017969999999820e-01 5.773063252787280844e-03
3.136840140000000110e-01 5.764191569628667258e-03
3.142484469999999863e-01 5.746465084183278484e-03
3.145306640000000153e-01 5.737653916265086050e-03
3.148128809999999889e-01 5.728879681589098619e-03
3.150950980000000179e-01 5.720126147833830103e-03
3.153773149999999914e-01 5.711385955635914398e-03
3.156595309999999932e-01 5.702665460766644448e-03
3.159417480000000222e-01 5.693971419414590660e-03
3.162239649999999958e-01 5.685306548921096291e-03
3.165061820000000248e-01 5.676671898041218099e-03
3.167883989999999983e-01 5.668065779291076890e-03
3.170706160000000273e-01 5.659482725596460921e-03
3.173528319999999736e-01 5.650917807773146208e-03
3.179172659999999762e-01 5.633841051593466154e-03
3.181994830000000052e-01 5.625331214807041853e-03
3.184816999999999787e-01 5.616842386809271608e-03
3.187639170000000077e-01 5.608378042965354165e-03
3.190461330000000095e-01 5.599950698358570865e-03
3.193283499999999830e-01 5.591574720211492204e-03
3.196105670000000121e-01 5.583241816498765372e-03
3.198927839999999856e-01 5.574918068713978839e-03
3.201750010000000146e-01 5.566578808549200660e-03
3.204572179999999881e-01 5.558245205081961682e-03
3.207394339999999899e-01 5.549949953462331859e-03
3.210216510000000190e-01 5.541704987873891791e-03
3.213038679999999925e-01 5.533501337319441174e-03
3.218683019999999950e-01 5.517158937033563026e-03
3.221505190000000241e-01 5.508975835229312952e-03
3.224327350000000258e-01 5.500786536212177655e-03
3.229971689999999729e-01 5.484530411152409475e-03
3.232793860000000019e-01 5.476472035210675979e-03
3.238438200000000045e-01 5.460397707594716842e-03
3.241260360000000063e-01 5.452399719840191929e-03
3.244082529999999798e-01 5.444444145995073342e-03
3.246904700000000088e-01 5.436511080066434159e-03
3.249726869999999823e-01 5.428577012812161456e-03
3.252549040000000113e-01 5.420648165683890352e-03
3.258193369999999867e-01 5.404906294681513686e-03
3.261015540000000157e-01 5.397085540869768494e-03
3.263837709999999892e-01 5.389264298428347519e-03
3.266659880000000182e-01 5.381448718300807336e-03
3.269482049999999917e-01 5.373666781756872811e-03
3.272304220000000208e-01 5.365932982133646452e-03
3.275126380000000226e-01 5.358228182417813096e-03
3.277948549999999961e-01 5.350530332223453651e-03
3.280770720000000251e-01 5.342840575458601519e-03
3.283592889999999986e-01 5.335173982251459335e-03
3.286415060000000277e-01 5.327539131099900960e-03
3.289237230000000012e-01 5.319930098021737053e-03
3.292059399999999747e-01 5.312340329210899458e-03
3.294881559999999765e-01 5.304775126180064949e-03
