# q  I_recon
3.245493999999999810e-03 9.955971056005116226e-01
3.527709999999999874e-03 9.948008238101788692e-01
3.809926999999999845e-03 9.939391454882151589e-01
4.092143999999999816e-03 9.930122720809230197e-01
4.374361000000000221e-03 9.920204045142663185e-01
4.656577999999999759e-03 9.909638085935529306e-01
4.938795000000000164e-03 9.898427977646510056e-01
5.221011000000000228e-03 9.886576843759822264e-01
5.503227999999999766e-03 9.874087507135363984e-01
5.785445000000000171e-03 9.860962933113482931e-01
6.067661999999999708e-03 9.847206602520096608e-01
6.349879000000000114e-03 9.832822363936154497e-01
6.632095999999999651e-03 9.817813940546015194e-01
6.914311999999999715e-03 9.802184797640977054e-01
7.196529000000000120e-03 9.785938277114992756e-01
7.478745999999999658e-03 9.769078823341721396e-01
7.760963000000000063e-03 9.751611383248030007e-01
8.043180000000000468e-03 9.733540627296423109e-01
8.325397000000000006e-03 9.714870620256844669e-01
8.607613999999999543e-03 9.695605458083226269e-01
8.889829999999999607e-03 9.675750303710567435e-01
9.172046999999999145e-03 9.655310638242345922e-01
9.454264000000000417e-03 9.634291827100560646e-01
9.736480999999999955e-03 9.612698533234195208e-01
1.001869799999999949e-02 9.590535466731645586e-01
1.030091500000000077e-02 9.567808288462237298e-01
1.058313100000000083e-02 9.544523197091269173e-01
1.086534800000000037e-02 9.520685927794898529e-01
1.114756499999999990e-02 9.496302087538062153e-01
1.142978199999999944e-02 9.471377286100538528e-01
1.171199900000000071e-02 9.445917990211364357e-01
1.199421600000000025e-02 9.419931024927860053e-01
1.227643200000000032e-02 9.393422670669745456e-01
1.255864899999999985e-02 9.366397933049315228e-01
1.284086599999999939e-02 9.338862315341502907e-01
1.312308300000000066e-02 9.310823112667652168e-01
1.340530000000000020e-02 9.282288326352498009e-01
1.368751699999999974e-02 9.253265055868897804e-01
1.396973299999999980e-02 9.223759246328365746e-01
1.425194999999999934e-02 9.193776701266566098e-01
1.453416700000000061e-02 9.163325010220620959e-01
1.481638400000000015e-02 9.132412142704152691e-01
1.509860099999999969e-02 9.101045246424980251e-01
1.538081799999999923e-02 9.069230435170079208e-01
1.566303399999999929e-02 9.036974196189666575e-01
1.594525100000000056e-02 9.004284263800425014e-01
1.622746799999999837e-02 8.971169174559793236e-01
1.650968499999999964e-02 8.937636561060959828e-01
1.679190200000000091e-02 8.903693159011182301e-01
1.707411899999999871e-02 8.869345920988931375e-01
1.735633500000000051e-02 8.834603080078290427e-01
1.763855199999999832e-02 8.799472777297984161e-01
1.792076899999999959e-02 8.763962629803631055e-01
1.820298600000000086e-02 8.728079218476412215e-01
1.848520299999999866e-02 8.691829472626042552e-01
1.876741999999999994e-02 8.655221832333144238e-01
1.904963600000000173e-02 8.618265191602654252e-01
1.933185299999999954e-02 8.580967178747089807e-01
1.961407000000000081e-02 8.543335008315233736e-01
1.989628699999999861e-02 8.505376149525488705e-01
2.017850399999999988e-02 8.467099502536787892e-01
2.046072100000000116e-02 8.428514160441237246e-01
2.074293799999999896e-02 8.389627268493567991e-01
2.102515400000000076e-02 8.350444487390276116e-01
2.130737099999999856e-02 8.310972009190944476e-01
2.158958799999999983e-02 8.271219503791872318e-01
2.187180500000000111e-02 8.231196970513356970e-01
2.215402199999999891e-02 8.190912711608312469e-01
2.243623900000000018e-02 8.150373753151273215e-01
2.271845499999999851e-02 8.109587509048805654e-01
2.300067199999999978e-02 8.068561708873132066e-01
2.328288900000000106e-02 8.027304587935659708e-01
2.356510599999999886e-02 7.985823559703394414e-01
2.384732300000000013e-02 7.944125579755649813e-01
2.412954000000000140e-02 7.902218135101451990e-01
2.441175599999999973e-02 7.860110182568827986e-01
2.469397300000000101e-02 7.817810291308170401e-01
2.497618999999999881e-02 7.775325991773373024e-01
2.525840700000000008e-02 7.732663761856423124e-01
2.554062400000000135e-02 7.689830726249398118e-01
2.582284099999999916e-02 7.646835453266296323e-01
2.610505700000000096e-02 7.603686694462187257e-01
2.638727399999999876e-02 7.560391226855158742e-01
2.666949100000000003e-02 7.516955459200869161e-01
2.695170800000000130e-02 7.473386297398619815e-01
2.723392499999999911e-02 7.429691939254520205e-01
2.751614200000000038e-02 7.385880604181495057e-01
2.779835799999999871e-02 7.341959604646364212e-01
2.808057499999999998e-02 7.297935267861933584e-01
2.836279200000000125e-02 7.253814876054243133e-01
2.864500899999999906e-02 7.209606423274894649e-01
2.892722600000000033e-02 7.165317747202322174e-01
2.920944300000000160e-02 7.120954906496713699e-01
2.949165899999999993e-02 7.076523349936021390e-01
2.977387600000000120e-02 7.032029231409843151e-01
3.005609299999999900e-02 6.987481049953564449e-01
3.033831000000000028e-02 6.942887030558638761e-01
3.062052700000000155e-02 6.898253581830257053e-01
3.090274399999999935e-02 6.853586405818903327e-01
3.118496000000000115e-02 6.808891913679055996e-01
3.146717699999999895e-02 6.764176830499762927e-01
3.174939400000000023e-02 6.719448231285002349e-01
3.203161100000000150e-02 6.674711976562993643e-01
3.231382800000000277e-02 6.629973573206261461e-01
3.259604499999999710e-02 6.585239255758568166e-01
3.287826099999999890e-02 6.540516354765297802e-01
3.316047800000000018e-02 6.495811507258577588e-01
3.344269500000000145e-02 6.451130413728309865e-01
3.372491200000000272e-02 6.406478196175400264e-01
3.400712899999999705e-02 6.361860716920858527e-01
3.428934599999999833e-02 6.317284698481538951e-01
3.457156200000000013e-02 6.272756665204364257e-01
3.485377900000000140e-02 6.228280857552005445e-01
3.513599600000000267e-02 6.183861536978285667e-01
3.541821299999999700e-02 6.139504171387822895e-01
3.570042999999999828e-02 6.095215659058502711e-01
3.598264699999999955e-02 6.051002462337418120e-01
3.626486400000000082e-02 6.006869038585080922e-01
3.654708000000000262e-02 5.962819561312121541e-01
3.682929699999999695e-02 5.918858970772367112e-01
3.711151399999999823e-02 5.874993844127229803e-01
3.739373099999999950e-02 5.831229975813091437e-01
3.767594800000000077e-02 5.787570780008864935e-01
3.795816500000000204e-02 5.744019242368288980e-01
3.824038099999999690e-02 5.700580224281498465e-01
3.852259799999999818e-02 5.657259595939382324e-01
3.880481499999999945e-02 5.614063189013365207e-01
3.908703200000000072e-02 5.570994955360341061e-01
3.936924900000000199e-02 5.528058547855624338e-01
3.965146600000000326e-02 5.485258218758291004e-01
3.993368199999999812e-02 5.442598832566355460e-01
4.021589899999999940e-02 5.400084466857542065e-01
4.049811600000000067e-02 5.357718682408562083e-01
4.078033300000000194e-02 5.315504782646647275e-01
4.106255000000000321e-02 5.273446884405458279e-01
4.134476699999999755e-02 5.231549667895734057e-01
4.162698299999999935e-02 5.189817387205671873e-01
4.190920000000000062e-02 5.148252385595797342e-01
4.219141700000000189e-02 5.106857346254918273e-01
4.247363400000000316e-02 5.065636168741906031e-01
4.275585099999999750e-02 5.024593602555890159e-01
4.303806799999999877e-02 4.983733644372825844e-01
4.332028400000000057e-02 4.943058715781666890e-01
4.360250100000000184e-02 4.902570667905549739e-01
4.388471800000000311e-02 4.862272714664073736e-01
4.416693499999999745e-02 4.822168446313854773e-01
4.444915199999999872e-02 4.782261117381667037e-01
4.473136899999999999e-02 4.742553295171011429e-01
4.501358500000000179e-02 4.703047690370040224e-01
4.529580200000000306e-02 4.663747327106095297e-01
4.557801899999999740e-02 4.624656007310669614e-01
4.586023599999999867e-02 4.585776172801169226e-01
4.614245299999999994e-02 4.547108056452228153e-01
4.642467000000000121e-02 4.508652064388061209e-01
4.670688600000000301e-02 4.470411771651456867e-01
4.698910299999999735e-02 4.432391699432970955e-01
4.727131999999999862e-02 4.394595246939491107e-01
4.755353699999999989e-02 4.357023182246581028e-01
4.783575400000000116e-02 4.319676230207757373e-01
4.811797100000000244e-02 4.282556340632517888e-01
4.840018699999999729e-02 4.245666079516508540e-01
4.868240399999999857e-02 4.209007057285846787e-01
4.896462099999999984e-02 4.172580449930868851e-01
4.924683800000000111e-02 4.136387410997539038e-01
4.952905500000000238e-02 4.100430113442056768e-01
4.981127199999999672e-02 4.064711076303895165e-01
5.009348799999999852e-02 4.029232007853123521e-01
5.037570499999999979e-02 3.993993004529209911e-01
5.065792200000000106e-02 3.958994737622877347e-01
5.094013900000000233e-02 3.924239212761800322e-01
5.122235599999999667e-02 3.889728867238791965e-01
5.150457299999999794e-02 3.855464846512351440e-01
5.178678999999999921e-02 3.821446759080791566e-01
5.206900600000000101e-02 3.787674601606056957e-01
5.235122300000000228e-02 3.754149662949068933e-01
5.263343999999999662e-02 3.720874026616179386e-01
5.291565699999999789e-02 3.687848618818066471e-01
5.319787399999999916e-02 3.655073252321734412e-01
5.348009100000000043e-02 3.622548005389305548e-01
5.376230700000000223e-02 3.590274380737895066e-01
5.404452399999999657e-02 3.558253804597263925e-01
5.432674099999999784e-02 3.526486546817741985e-01
5.460895799999999911e-02 3.494971309173472984e-01
5.489117500000000038e-02 3.463707317397169971e-01
5.517339200000000166e-02 3.432695919859902189e-01
5.545560800000000345e-02 3.401938997735037828e-01
5.573782499999999779e-02 3.371437042839147136e-01
5.602004199999999906e-02 3.341189944936750478e-01
5.630225900000000033e-02 3.311197389780053402e-01
5.658447600000000161e-02 3.281458858451136162e-01
5.686669300000000288e-02 3.251973814180986189e-01
5.714890899999999774e-02 3.222742187884363729e-01
5.743112599999999901e-02 3.193763887838908522e-01
5.771334300000000028e-02 3.165039178440218759e-01
5.799556000000000155e-02 3.136568327084096608e-01
5.827777700000000283e-02 3.108351540359980403e-01
5.855999399999999716e-02 3.080387959242216755e-01
5.884220999999999896e-02 3.052676065899358471e-01
5.912442700000000023e-02 3.025214691212144702e-01
5.940664400000000150e-02 2.998004657494401370e-01
5.968886100000000278e-02 2.971046803372583422e-01
5.997107799999999711e-02 2.944340190642551480e-01
6.025329499999999838e-02 2.917882745758851870e-01
6.053551100000000018e-02 2.891673267617347332e-01
6.081772800000000145e-02 2.865712115558976536e-01
6.109994500000000273e-02 2.839999990133401098e-01
6.138216199999999706e-02 2.814535537442520718e-01
6.166437899999999833e-02 2.789316280649183910e-01
6.194659599999999960e-02 2.764340918741796660e-01
6.222881200000000140e-02 2.739610691724672087e-01
6.251102899999999574e-02 2.715126471726293511e-01
6.279324599999999701e-02 2.690885811967005381e-01
6.307546299999999828e-02 2.666884343257759360e-01
6.335767999999999955e-02 2.643119887137629354e-01
6.363989700000000083e-02 2.619594351070919092e-01
6.392211300000000263e-02 2.596309688095365664e-01
6.420433000000000390e-02 2.573263910603992288e-01
6.448654700000000517e-02 2.550453581402078451e-01
6.476876400000000644e-02 2.527876568534424551e-01
6.505098099999999384e-02 2.505533066997334135e-01
6.533319799999999511e-02 2.483423218094048535e-01
6.561541399999999691e-02 2.461545378728242639e-01
6.589763099999999818e-02 2.439896911668935631e-01
6.617984799999999945e-02 2.418476107741958925e-01
6.646206500000000073e-02 2.397282225421552837e-01
6.674428200000000200e-02 2.376314490425711079e-01
6.702649900000000327e-02 2.355571415180990058e-01
6.730871600000000454e-02 2.335051252893307061e-01
6.759093200000000634e-02 2.314752586466439499e-01
6.787314899999999374e-02 2.294674132699137670e-01
6.815536599999999501e-02 2.274814738379009882e-01
6.843758299999999628e-02 2.255172586896895537e-01
6.871979999999999755e-02 2.235745679323223045e-01
6.900201699999999883e-02 2.216532482701829565e-01
6.928423300000000062e-02 2.197532098785087151e-01
6.956645000000000190e-02 2.178743254643914495e-01
6.984866700000000317e-02 2.160163898156580164e-01
7.013088400000000444e-02 2.141791646295913287e-01
7.041310100000000571e-02 2.123624851431751837e-01
7.069531799999999311e-02 2.105662674300378123e-01
7.097753399999999491e-02 2.087904090321234529e-01
7.125975099999999618e-02 2.070346670198263406e-01
7.154196799999999745e-02 2.052987895304547727e-01
7.182418499999999872e-02 2.035826116295647581e-01
7.210640200000000000e-02 2.018860609012434748e-01
7.238861900000000127e-02 2.002090364882926909e-01
7.267083500000000307e-02 1.985513222704629599e-01
7.295305200000000434e-02 1.969126602217870781e-01
7.323526900000000561e-02 1.952928853074428761e-01
7.351748600000000688e-02 1.936918940359892705e-01
7.379970299999999428e-02 1.921095530903933757e-01
7.408191999999999555e-02 1.905456220945591361e-01
7.436413599999999735e-02 1.889998502011553116e-01
7.464635299999999862e-02 1.874720716430336998e-01
7.492856999999999990e-02 1.859622190618772652e-01
7.521078700000000117e-02 1.844701658512266917e-01
7.549300400000000244e-02 1.829956193588741509e-01
7.577522100000000371e-02 1.815382701513986174e-01
7.605743700000000551e-02 1.800980042422885286e-01
7.633965400000000678e-02 1.786748308600347168e-01
7.662187099999999418e-02 1.772686669695685835e-01
7.690408799999999545e-02 1.758791318316196284e-01
7.718630499999999672e-02 1.745058208451412685e-01
7.746852199999999800e-02 1.731486138445120782e-01
7.775073799999999979e-02 1.718075816956673996e-01
7.803295500000000107e-02 1.704826677470196727e-01
7.831517200000000234e-02 1.691735543604766245e-01
7.859738900000000361e-02 1.678798979973360472e-01
7.887960600000000488e-02 1.666015475962465409e-01
7.916182300000000616e-02 1.653384653529931247e-01
7.944403899999999408e-02 1.640905400286849503e-01
7.972625599999999535e-02 1.628574793729958003e-01
8.000847299999999662e-02 1.616389975717954508e-01
8.029068999999999789e-02 1.604349353409565693e-01
8.057290699999999917e-02 1.592452026199031867e-01
8.085512400000000044e-02 1.580696722640725360e-01
8.113734000000000224e-02 1.569081496078133797e-01
8.141955700000000351e-02 1.557604249394624329e-01
8.170177400000000478e-02 1.546263428026529718e-01
8.198399100000000606e-02 1.535057632175752806e-01
8.226620799999999345e-02 1.523985190652503985e-01
8.254842499999999472e-02 1.513043967171287252e-01
8.283064099999999652e-02 1.502231897050825549e-01
8.311285799999999779e-02 1.491547353120454000e-01
8.339507499999999907e-02 1.480989056685070859e-01
8.367729200000000034e-02 1.470555547531609830e-01
8.395950900000000161e-02 1.460245144566180153e-01
8.424172600000000288e-02 1.450056153659848301e-01
8.452394300000000416e-02 1.439986916061736788e-01
8.480615900000000595e-02 1.430035819682095866e-01
8.508837599999999335e-02 1.420201061523620745e-01
8.537059299999999462e-02 1.410480826487379713e-01
8.565280999999999589e-02 1.400873367103835920e-01
8.593502699999999717e-02 1.391377548181260415e-01
8.621724399999999844e-02 1.381992428137243656e-01
8.649946000000000024e-02 1.372716565113631382e-01
8.678167700000000151e-02 1.363547753829603693e-01
8.706389400000000278e-02 1.354483985312381622e-01
8.734611100000000405e-02 1.345523894854201152e-01
8.762832800000000533e-02 1.336666315217708290e-01
8.791054500000000660e-02 1.327909846324218657e-01
8.819276099999999452e-02 1.319252856485742254e-01
8.847497799999999579e-02 1.310693664117567880e-01
8.875719499999999706e-02 1.302230921417721898e-01
8.903941199999999834e-02 1.293863312251137265e-01
8.932162899999999961e-02 1.285589456432973954e-01
8.960384600000000088e-02 1.277407908715243456e-01
8.988606200000000268e-02 1.269317325864810220e-01
9.016827900000000395e-02 1.261316572229015109e-01
9.045049600000000523e-02 1.253404638826955131e-01
9.073271300000000650e-02 1.245579896606013176e-01
9.101492999999999389e-02 1.237840174465282272e-01
9.129714699999999516e-02 1.230183582132832881e-01
9.157936299999999696e-02 1.222609283411867503e-01
9.186157999999999824e-02 1.215116560666184009e-01
9.214379699999999951e-02 1.207704439737663088e-01
9.242601400000000078e-02 1.200371640485439484e-01
9.270823100000000205e-02 1.193116826247643675e-01
9.299044800000000333e-02 1.185938514039348579e-01
9.327266400000000512e-02 1.178835242778279446e-01
9.355488100000000640e-02 1.171805826980695242e-01
9.383709799999999379e-02 1.164849418469625225e-01
9.411931499999999506e-02 1.157965003265980924e-01
9.440153199999999634e-02 1.151151169380907613e-01
9.468374899999999761e-02 1.144406459057826925e-01
9.496596499999999941e-02 1.137729697095238024e-01
9.524818200000000068e-02 1.131119812078418135e-01
9.553039900000000195e-02 1.124575950013738668e-01
9.581261600000000322e-02 1.118097579867726316e-01
9.609483300000000450e-02 1.111684119799257880e-01
9.637705000000000577e-02 1.105333895458640442e-01
9.665926599999999369e-02 1.099044597025269354e-01
9.694148299999999496e-02 1.092814553348526313e-01
9.722369999999999624e-02 1.086643710708111721e-01
9.750591699999999751e-02 1.080532094898856710e-01
9.778813399999999878e-02 1.074478788141013386e-01
9.807035100000000005e-02 1.068482360936381381e-01
9.835256700000000185e-02 1.062541637463745997e-01
9.863478400000000312e-02 1.056655841753166847e-01
9.891700100000000440e-02 1.050824285363394506e-01
9.919921800000000567e-02 1.045046021365103883e-01
9.948143499999999306e-02 1.039319986081375241e-01
9.976365199999999434e-02 1.033645051101959866e-01
1.000458679999999961e-01 1.028019996063876396e-01
1.003280849999999974e-01 1.022443657289952568e-01
1.006103019999999987e-01 1.016915850043566272e-01
1.008925190000000000e-01 1.011436759884272174e-01
1.011747360000000012e-01 1.006005809433016818e-01
1.014569530000000025e-01 1.000621218544723023e-01
1.017391690000000043e-01 9.952813007203673012e-02
1.020213860000000056e-01 9.899854597873535000e-02
1.023036030000000068e-01 9.847336010523309591e-02
1.025858199999999942e-01 9.795253840113880839e-02
1.028680369999999955e-01 9.743601453096123466e-02
1.031502539999999968e-01 9.692370992406305896e-02
1.034324699999999986e-01 9.641549269090564367e-02
1.037146869999999999e-01 9.591120898880393930e-02
1.039969040000000011e-01 9.541081227875751469e-02
1.042791210000000024e-01 9.491438440259300502e-02
1.045613380000000037e-01 9.442197088040336916e-02
1.048435550000000049e-01 9.393339332133317232e-02
1.051257720000000062e-01 9.344840784885903584e-02
1.054079879999999941e-01 9.296690241923433184e-02
1.056902049999999954e-01 9.248890987345177728e-02
1.059724219999999967e-01 9.201446393743135943e-02
1.062546389999999980e-01 9.154354090145558343e-02
1.065368559999999992e-01 9.107609997080789999e-02
1.068190730000000005e-01 9.061206012681070898e-02
1.071012890000000023e-01 9.015130014169282779e-02
1.073835060000000036e-01 8.969371502645105687e-02
1.076657230000000048e-01 8.923929576307317035e-02
1.079479400000000061e-01 8.878805170798448332e-02
1.082301569999999935e-01 8.833994190881051811e-02
1.085123739999999948e-01 8.789487818433527888e-02
1.087945899999999966e-01 8.745278287847428611e-02
1.090768069999999978e-01 8.701361149687598939e-02
1.093590239999999991e-01 8.657733258031377610e-02
1.096412410000000004e-01 8.614391369064675064e-02
1.099234580000000017e-01 8.571332288841328195e-02
1.102056750000000029e-01 8.528552035448917767e-02
1.104878910000000047e-01 8.486044311866070000e-02
1.107701080000000060e-01 8.443802070415024064e-02
1.110523249999999934e-01 8.401821387708165167e-02
1.113345419999999947e-01 8.360100230989646330e-02
1.116167589999999959e-01 8.318636397002250604e-02
1.118989759999999972e-01 8.277427064015929759e-02
1.121811919999999990e-01 8.236469408465117714e-02
1.124634090000000003e-01 8.195759665742938238e-02
1.127456260000000016e-01 8.155294154076299373e-02
1.130278430000000028e-01 8.115067449028261215e-02
1.133100600000000041e-01 8.075070172203080432e-02
1.135922770000000054e-01 8.035293304309262807e-02
1.138744929999999933e-01 7.995738589059793455e-02
1.141567099999999946e-01 7.956413912925580645e-02
1.144389269999999958e-01 7.917321931820475722e-02
1.147211439999999971e-01 7.878452365924780432e-02
1.150033609999999984e-01 7.839794026980767550e-02
1.152855779999999997e-01 7.801343586727292612e-02
1.155677940000000015e-01 7.763102232260346569e-02
1.158500110000000027e-01 7.725070067420972131e-02
1.161322280000000040e-01 7.687246156903981831e-02
1.164144450000000053e-01 7.649628736465771683e-02
1.166966620000000066e-01 7.612211649673311653e-02
1.169788789999999939e-01 7.574986596219261681e-02
1.172610949999999957e-01 7.537950640729992879e-02
1.175433119999999970e-01 7.501109862361740599e-02
1.178255289999999983e-01 7.464470081947433000e-02
1.181077459999999996e-01 7.428024903200475260e-02
1.183899630000000008e-01 7.391762565410774088e-02
1.186721800000000021e-01 7.355675659686813916e-02
1.189543960000000039e-01 7.319763959198076486e-02
1.192366130000000052e-01 7.284027819396880765e-02
1.195188300000000065e-01 7.248470098844156384e-02
1.198010469999999938e-01 7.213094303990791323e-02
1.200832639999999951e-01 7.177900029549250105e-02
1.203654809999999964e-01 7.142881189756354610e-02
1.206476979999999977e-01 7.108031592638391905e-02
1.209299139999999995e-01 7.073347137460177236e-02
1.212121310000000007e-01 7.038824155514081249e-02
1.214943480000000020e-01 7.004463036928991471e-02
1.217765650000000033e-01 6.970268874597720932e-02
1.220587820000000046e-01 6.936245154636545840e-02
1.223409990000000058e-01 6.902385435374168432e-02
1.226232149999999937e-01 6.868680419643360957e-02
1.229054319999999950e-01 6.835126907904824634e-02
1.231876489999999963e-01 6.801729679077023194e-02
1.234698659999999976e-01 6.768492169703166361e-02
1.237520829999999988e-01 6.735410237137863521e-02
1.240343000000000001e-01 6.702477739815250468e-02
1.243165160000000019e-01 6.669692814093465538e-02
1.245987330000000032e-01 6.637057680667758641e-02
1.248809500000000045e-01 6.604574570709974279e-02
1.251631669999999918e-01 6.572243354604465071e-02
1.254453839999999931e-01 6.540063192061734698e-02
1.257276009999999944e-01 6.508030198401575095e-02
1.260098169999999962e-01 6.476137675385766623e-02
1.262920339999999975e-01 6.444380787802801713e-02
1.265742509999999987e-01 6.412763401827617504e-02
1.268564680000000000e-01 6.381290828307634166e-02
1.271386850000000013e-01 6.349962509983012038e-02
1.274209020000000026e-01 6.318772799383541583e-02
1.277031180000000044e-01 6.287717770352949098e-02
1.279853350000000056e-01 6.256798876334795922e-02
1.282675520000000069e-01 6.226018872634539458e-02
1.285497690000000082e-01 6.195377785460076669e-02
1.288319860000000094e-01 6.164873590991447327e-02
1.291142030000000107e-01 6.134503859058513392e-02
1.293964190000000125e-01 6.104265261447739538e-02
1.296786360000000138e-01 6.074154311701328995e-02
1.299608529999999873e-01 6.044172340500520574e-02
1.302430699999999886e-01 6.014323738043686474e-02
1.305252869999999898e-01 5.984610708339261481e-02
1.308075039999999911e-01 5.955029707290419860e-02
1.310897199999999929e-01 5.925576615316333756e-02
1.313719369999999942e-01 5.896249551131492461e-02
1.316541539999999955e-01 5.867048570395026058e-02
1.319363709999999967e-01 5.837974147508311062e-02
1.322185879999999980e-01 5.809027892161856138e-02
1.325008049999999993e-01 5.780211154136597612e-02
1.327830210000000011e-01 5.751521243252229187e-02
1.330652380000000023e-01 5.722952810044337063e-02
1.333474550000000036e-01 5.694502799494957634e-02
1.336296720000000049e-01 5.666172180994541452e-02
1.339118890000000062e-01 5.637962694641152767e-02
1.341941060000000074e-01 5.609878390582290208e-02
1.344763220000000092e-01 5.581924543218494406e-02
1.347585390000000105e-01 5.554100022500596534e-02
1.350407560000000118e-01 5.526392761234337481e-02
1.353229730000000131e-01 5.498791559017382480e-02
1.356051899999999866e-01 5.471301782072714864e-02
1.358874069999999878e-01 5.443936320498990455e-02
1.361696239999999891e-01 5.416700202258470376e-02
1.364518399999999909e-01 5.389585501328150036e-02
1.367340569999999922e-01 5.362583889665187287e-02
1.370162739999999935e-01 5.335694783955739068e-02
1.372984909999999947e-01 5.308920580462301447e-02
1.375807079999999960e-01 5.282263658267020295e-02
1.378629249999999973e-01 5.255726356567989865e-02
1.381451409999999991e-01 5.229309960401345991e-02
1.384273580000000003e-01 5.203008659173796041e-02
1.387095750000000016e-01 5.176814572208342929e-02
1.389917920000000029e-01 5.150726459576430299e-02
1.392740090000000042e-01 5.124752109725840693e-02
1.395562260000000054e-01 5.098897985933581456e-02
1.398384420000000072e-01 5.073160309395563505e-02
1.401206590000000085e-01 5.047531791400330231e-02
1.404028760000000098e-01 5.022010776863616160e-02
1.406850930000000111e-01 4.996601998716443394e-02
1.409673100000000123e-01 4.971309321917867508e-02
1.412495270000000136e-01 4.946130726831094587e-02
1.415317429999999876e-01 4.921062570134623199e-02
1.418139599999999889e-01 4.896101224467679786e-02
1.420961769999999902e-01 4.871243637105919511e-02
1.423783939999999915e-01 4.846488393864651495e-02
1.426606109999999927e-01 4.821841211810226624e-02
1.429428279999999940e-01 4.797309336405723712e-02
1.432250439999999958e-01 4.772892764900883017e-02
1.435072609999999971e-01 4.748584017034591931e-02
1.437894779999999983e-01 4.724377931156575894e-02
1.440716949999999996e-01 4.700278011191313249e-02
1.443539120000000009e-01 4.676289413995093208e-02
1.446361290000000022e-01 4.652410315361688725e-02
1.449183450000000040e-01 4.628632775095070651e-02
1.452005620000000052e-01 4.604951837364813089e-02
1.454827790000000065e-01 4.581374170900654602e-02
1.457649960000000078e-01 4.557908139727492869e-02
1.460472130000000091e-01 4.534553227832486405e-02
1.463294300000000103e-01 4.511301804517433428e-02
1.466116460000000121e-01 4.488148554708366877e-02
1.468938630000000134e-01 4.465095058407586581e-02
1.471760799999999869e-01 4.442144285596161257e-02
1.474582969999999882e-01 4.419296952687959412e-02
1.477405139999999895e-01 4.396552207135918239e-02
1.480227309999999907e-01 4.373909280298073771e-02
1.483049469999999925e-01 4.351367794245124265e-02
1.485871639999999938e-01 4.328927263611062615e-02
1.488693809999999951e-01 4.306588404776959256e-02
1.491515979999999963e-01 4.284352475994226278e-02
1.494338149999999976e-01 4.262219568980286227e-02
1.497160319999999989e-01 4.240187019166401228e-02
1.499982480000000007e-01 4.218252117462943651e-02
1.502804650000000020e-01 4.196414703697929488e-02
1.505626820000000032e-01 4.174676474437052226e-02
1.508448990000000045e-01 4.153037974591049231e-02
1.511271160000000058e-01 4.131497453590471380e-02
1.514093330000000071e-01 4.110053072108706129e-02
1.516915490000000089e-01 4.088704858836171574e-02
1.519737660000000101e-01 4.067453557246236001e-02
1.522559830000000114e-01 4.046299879865915272e-02
1.525382000000000127e-01 4.025243961754308014e-02
1.528204169999999862e-01 4.004285924041386946e-02
1.531026339999999875e-01 3.983426214276554467e-02
1.533848509999999887e-01 3.962665403644589912e-02
1.536670669999999905e-01 3.942001781906487312e-02
1.539492839999999918e-01 3.921429434266011232e-02
1.542315009999999931e-01 3.900943605327199942e-02
1.545137179999999943e-01 3.880548641771038726e-02
1.547959349999999956e-01 3.860252679160384309e-02
1.550781519999999969e-01 3.840058441581021415e-02
1.553603679999999987e-01 3.819960462405238427e-02
1.556425850000000000e-01 3.799953203119380007e-02
1.559248020000000012e-01 3.780036454595624151e-02
1.562070190000000025e-01 3.760211848464440482e-02
1.564892360000000038e-01 3.740479977566339709e-02
1.567714530000000051e-01 3.720840004427530129e-02
1.570536690000000069e-01 3.701291288459458012e-02
1.573358860000000081e-01 3.681834237477994709e-02
1.576181030000000094e-01 3.662469854194789348e-02
1.579003200000000107e-01 3.643197773366949055e-02
1.581825370000000119e-01 3.624016022620848293e-02
1.584647540000000132e-01 3.604923088886370641e-02
1.587469699999999873e-01 3.585920219252140828e-02
1.590291869999999885e-01 3.567009185825084638e-02
1.593114039999999898e-01 3.548189613895492284e-02
1.595936209999999911e-01 3.529458438533319975e-02
1.598758379999999923e-01 3.510813475862441246e-02
1.601580549999999936e-01 3.492256903664089918e-02
1.604402709999999954e-01 3.473791963156149659e-02
1.607224879999999967e-01 3.455417768345481200e-02
1.610047049999999980e-01 3.437129668422730239e-02
1.612869219999999992e-01 3.418924319877023055e-02
1.615691390000000005e-01 3.400804266698662093e-02
1.618513560000000018e-01 3.382773291824631851e-02
1.621335720000000036e-01 3.364832102266117342e-02
1.624157890000000048e-01 3.346978359346172716e-02
1.626980060000000061e-01 3.329210622398402070e-02
1.629802230000000074e-01 3.311530131440726388e-02
1.632624400000000087e-01 3.293938452613090484e-02
1.635446570000000099e-01 3.276432963151416217e-02
1.638268730000000117e-01 3.259007666301142608e-02
1.641090900000000130e-01 3.241659665210135099e-02
1.643913069999999865e-01 3.224396452189685208e-02
1.646735239999999878e-01 3.207226593121212388e-02
1.649557409999999891e-01 3.190147664792569726e-02
1.652379579999999903e-01 3.173149117783068823e-02
1.655201739999999921e-01 3.156224826275531858e-02
1.658023909999999934e-01 3.139380727012920647e-02
1.660846079999999947e-01 3.122624396750215900e-02
1.663668249999999960e-01 3.105956347307306867e-02
1.666490419999999972e-01 3.089372421365417856e-02
1.669312589999999985e-01 3.072869358625067090e-02
1.672134750000000003e-01 3.056446315874494432e-02
1.674956920000000016e-01 3.040102799507080067e-02
1.677779090000000028e-01 3.023840361413503500e-02
1.680601260000000041e-01 3.007661608612063539e-02
1.683423430000000054e-01 2.991567382355889843e-02
1.686245600000000067e-01 2.975554692828401640e-02
1.689067770000000079e-01 2.959620291759976207e-02
1.691889930000000097e-01 2.943763186835873444e-02
1.694712100000000110e-01 2.927983418088428089e-02
1.697534270000000123e-01 2.912282766218032490e-02
1.700356440000000136e-01 2.896665966551165150e-02
1.703178609999999871e-01 2.881136872032503959e-02
1.706000779999999883e-01 2.865689416539846796e-02
1.708822939999999901e-01 2.850312872380682608e-02
1.711645109999999914e-01 2.835003827995056028e-02
1.714467279999999927e-01 2.819772058106932017e-02
1.717289449999999940e-01 2.804626784970375847e-02
1.720111619999999952e-01 2.789564423025437181e-02
1.722933789999999965e-01 2.774575926319873889e-02
1.725755949999999983e-01 2.759658452854428859e-02
1.728578119999999996e-01 2.744818633736138130e-02
1.731400290000000008e-01 2.730062483874253279e-02
1.734222460000000021e-01 2.715385818711126345e-02
1.737044630000000034e-01 2.700780649961458460e-02
1.739866800000000047e-01 2.686245376643625268e-02
1.742688960000000065e-01 2.671787437545445829e-02
1.745511130000000077e-01 2.657412878270935808e-02
1.748333300000000090e-01 2.643117218813526015e-02
1.751155470000000103e-01 2.628892379213367686e-02
1.753977640000000116e-01 2.614735940505454395e-02
1.756799810000000128e-01 2.600652661483706524e-02
1.759621969999999869e-01 2.586646566035542133e-02
1.762444139999999881e-01 2.572715358562050261e-02
1.765266309999999894e-01 2.558855131033696897e-02
1.768088479999999907e-01 2.545066219964695411e-02
1.770910649999999920e-01 2.531353871765993496e-02
1.773732819999999932e-01 2.517721549962140259e-02
1.776554979999999950e-01 2.504163743134090944e-02
1.779377149999999963e-01 2.490672603642575880e-02
1.782199319999999976e-01 2.477247432915840805e-02
1.785021489999999988e-01 2.463894711682083558e-02
1.787843660000000001e-01 2.450619054691690821e-02
1.790665830000000014e-01 2.437416483394881303e-02
1.793487990000000032e-01 2.424281260902126645e-02
1.796310160000000045e-01 2.411213495688644889e-02
1.799132330000000057e-01 2.398219009324127626e-02
1.801954500000000070e-01 2.385301325566676484e-02
1.804776670000000083e-01 2.372455405050632668e-02
1.807598840000000096e-01 2.359674747570876530e-02
1.810421000000000114e-01 2.346959727849965566e-02
1.813243170000000126e-01 2.334316324325324404e-02
1.816065339999999861e-01 2.321748405078701005e-02
1.818887509999999874e-01 2.309252292523818542e-02
1.821709679999999887e-01 2.296823103295064783e-02
1.824531849999999900e-01 2.284459470147456525e-02
1.827354009999999918e-01 2.272162734287689126e-02
1.830176179999999930e-01 2.259933864037693210e-02
1.832998349999999943e-01 2.247773107402264645e-02
1.835820519999999956e-01 2.235680527864523232e-02
1.838642689999999968e-01 2.223656248193575657e-02
1.841464859999999981e-01 2.211700429751288152e-02
1.844287029999999994e-01 2.199812565185788049e-02
1.847109190000000012e-01 2.187990538800108770e-02
1.849931360000000025e-01 2.176232214675200699e-02
1.852753530000000037e-01 2.164539455418751021e-02
1.855575700000000050e-01 2.152916450006108276e-02
1.858397870000000063e-01 2.141364524708571845e-02
1.861220040000000076e-01 2.129878613552562555e-02
1.864042200000000093e-01 2.118453375203565789e-02
1.866864370000000106e-01 2.107088465271693759e-02
1.869686540000000119e-01 2.095786490400835048e-02
1.872508710000000132e-01 2.084549715227854844e-02
1.875330879999999867e-01 2.073379748842367476e-02
1.878153049999999880e-01 2.062277895745521714e-02
1.880975209999999898e-01 2.051243601942978265e-02
1.883797379999999910e-01 2.040275243580399328e-02
1.886619549999999923e-01 2.029370422379388195e-02
1.889441719999999936e-01 2.018525128279642297e-02
1.892263889999999948e-01 2.007736064135575912e-02
1.895086059999999961e-01 1.997006351774631080e-02
1.897908219999999979e-01 1.986341956488878527e-02
1.900730389999999992e-01 1.975745259138754831e-02
1.903552560000000005e-01 1.965213184981888517e-02
1.906374730000000017e-01 1.954742499255865754e-02
1.909196900000000030e-01 1.944332411417360601e-02
1.912019070000000043e-01 1.933983106267864530e-02
1.914841230000000061e-01 1.923694864620430212e-02
1.917663400000000073e-01 1.913467940287341337e-02
1.920485570000000086e-01 1.903302602534642091e-02
1.923307740000000099e-01 1.893198508034502417e-02
1.926129910000000112e-01 1.883155118671161338e-02
1.928952080000000124e-01 1.873172293731069707e-02
1.931774239999999865e-01 1.863250443562729577e-02
1.934596409999999878e-01 1.853389606819443036e-02
1.937418579999999890e-01 1.843588397191016706e-02
1.940240749999999903e-01 1.833844905606701534e-02
1.943062919999999916e-01 1.824157165276030917e-02
1.945885089999999928e-01 1.814523142072261425e-02
1.948707249999999946e-01 1.804942405097783795e-02
1.951529419999999959e-01 1.795421532190333638e-02
1.954351589999999972e-01 1.785968845310206832e-02
1.957173759999999985e-01 1.776583326221546633e-02
1.959995929999999997e-01 1.767254125126422465e-02
1.962818100000000010e-01 1.757973273601290756e-02
1.965640260000000028e-01 1.748746301724023178e-02
1.968462430000000041e-01 1.739581621293621871e-02
1.971284600000000053e-01 1.730479263506700879e-02
1.974106770000000066e-01 1.721431141881143642e-02
1.976928940000000079e-01 1.712431560556006843e-02
1.979751110000000092e-01 1.703484511300010218e-02
1.982573270000000110e-01 1.694595959291229220e-02
1.985395440000000122e-01 1.685767865611197472e-02
1.988217610000000135e-01 1.676998921207151563e-02
1.991039779999999870e-01 1.668287284750895327e-02
1.993861949999999883e-01 1.659629872773426412e-02
1.996684119999999896e-01 1.651023559437157090e-02
1.999506289999999908e-01 1.642468307780189929e-02
2.002328449999999926e-01 1.633966508055567299e-02
2.005150619999999939e-01 1.625519777297045054e-02
2.007972789999999952e-01 1.617127710595702220e-02
2.010794959999999965e-01 1.608789529186462758e-02
2.013617129999999977e-01 1.600504815920028578e-02
2.016439299999999990e-01 1.592273407581286729e-02
2.019261460000000008e-01 1.584095515387360514e-02
2.022083630000000021e-01 1.575972124525849838e-02
2.024905800000000033e-01 1.567904184959360153e-02
2.027727970000000046e-01 1.559889730182490580e-02
2.030550140000000059e-01 1.551924981588156255e-02
2.033372310000000072e-01 1.544007956777670477e-02
2.036194470000000090e-01 1.536140830115757805e-02
2.039016640000000102e-01 1.528326063669444880e-02
2.041838810000000115e-01 1.520564274848016338e-02
2.044660980000000128e-01 1.512854955614676734e-02
2.047483149999999863e-01 1.505197030623181900e-02
2.050305319999999876e-01 1.497588299242185415e-02
2.053127479999999894e-01 1.490026882585992335e-02
2.055949649999999906e-01 1.482514526737329329e-02
2.058771819999999919e-01 1.475054917862969606e-02
2.061593989999999932e-01 1.467649020912378983e-02
2.064416159999999945e-01 1.460292866631117403e-02
2.067238329999999957e-01 1.452982528935470828e-02
2.070060489999999975e-01 1.445718390156333806e-02
2.072882659999999988e-01 1.438502696218063939e-02
2.075704830000000001e-01 1.431336667040060406e-02
2.078527000000000013e-01 1.424219673390017364e-02
2.081349170000000026e-01 1.417150995977716280e-02
2.084171340000000039e-01 1.410130440714790941e-02
2.086993500000000057e-01 1.403158048038921461e-02
2.089815670000000070e-01 1.396233527327314997e-02
2.092637840000000082e-01 1.389356282218021099e-02
2.095460010000000095e-01 1.382525712414345125e-02
2.098282180000000108e-01 1.375741520648400031e-02
2.101104350000000121e-01 1.369003516242090802e-02
2.103926510000000139e-01 1.362311362679205495e-02
2.106748679999999874e-01 1.355664426948244641e-02
2.109570849999999886e-01 1.349062415722305543e-02
2.112393019999999899e-01 1.342506497717448587e-02
2.115215189999999912e-01 1.335998258659943337e-02
2.118037359999999925e-01 1.329537089582985727e-02
2.120859519999999943e-01 1.323119773092796062e-02
2.123681689999999955e-01 1.316743808241716863e-02
2.126503859999999968e-01 1.310411127928618781e-02
2.129326029999999981e-01 1.304124827268173491e-02
2.132148199999999993e-01 1.297885832708590460e-02
2.134970370000000006e-01 1.291692724669094537e-02
2.137792530000000024e-01 1.285543824121000711e-02
2.140614700000000037e-01 1.279436709253816903e-02
2.143436870000000050e-01 1.273368975417201419e-02
2.146259040000000062e-01 1.267340984069596777e-02
2.149081210000000075e-01 1.261355818706596903e-02
2.151903380000000088e-01 1.255415795669913639e-02
2.154725540000000106e-01 1.249520021594896849e-02
2.157547710000000118e-01 1.243666864051169718e-02
2.160369880000000131e-01 1.237855942337776939e-02
2.163192049999999866e-01 1.232087902309378542e-02
2.166014219999999879e-01 1.226362612279132541e-02
2.168836389999999892e-01 1.220677285530713183e-02
2.171658559999999905e-01 1.215028837322746150e-02
2.174480719999999923e-01 1.209418018535443271e-02
2.177302889999999935e-01 1.203848552961651712e-02
2.180125059999999948e-01 1.198322945284249069e-02
2.182947229999999961e-01 1.192839717481666145e-02
2.185769399999999973e-01 1.187396761678364936e-02
2.188591569999999986e-01 1.181993135431025875e-02
2.191413730000000004e-01 1.176628750659253035e-02
2.194235900000000017e-01 1.171303455084912216e-02
2.197058070000000030e-01 1.166017087449345083e-02
2.199880240000000042e-01 1.160769530740229580e-02
2.202702410000000055e-01 1.155561528320593265e-02
2.205524580000000068e-01 1.150394372762940723e-02
2.208346740000000086e-01 1.145267734982856334e-02
2.211168910000000098e-01 1.140177403597340822e-02
2.213991080000000111e-01 1.135119309569757387e-02
2.216813250000000124e-01 1.130095740592025264e-02
2.219635420000000137e-01 1.125112667897727910e-02
2.222457589999999872e-01 1.120172746233358621e-02
2.225279749999999890e-01 1.115271654826776801e-02
2.228101919999999903e-01 1.110404574876738479e-02
2.230924089999999915e-01 1.105570512444391425e-02
2.233746259999999928e-01 1.100770435447831486e-02
2.236568429999999941e-01 1.096006272353066552e-02
2.239390599999999953e-01 1.091281712718352240e-02
2.242212759999999971e-01 1.086599764564601112e-02
2.245034929999999984e-01 1.081956455894743895e-02
2.247857099999999997e-01 1.077344671145807550e-02
2.250679270000000010e-01 1.072761304892454366e-02
2.253501440000000022e-01 1.068210040180135080e-02
2.256323610000000035e-01 1.063694912660826698e-02
2.259145770000000053e-01 1.059217940433452437e-02
2.261967940000000066e-01 1.054780193292062518e-02
2.264790110000000078e-01 1.050380123690932734e-02
2.267612280000000091e-01 1.046012147105349240e-02
2.270434450000000104e-01 1.041671508242458973e-02
2.273256620000000117e-01 1.037360508154937938e-02
2.276078780000000135e-01 1.033084041913007872e-02
2.278900949999999870e-01 1.028844024928828906e-02
2.281723119999999883e-01 1.024638417913853634e-02
2.284545289999999895e-01 1.020465313807606203e-02
2.287367459999999908e-01 1.016325139002519952e-02
2.290189629999999921e-01 1.012219055560765156e-02
2.293011789999999939e-01 1.008146687169142984e-02
2.295833959999999951e-01 1.004105707614821874e-02
2.298656129999999964e-01 1.000094407655834072e-02
2.301478299999999977e-01 9.961143593615292766e-03
2.304300469999999990e-01 9.921680225088266164e-03
2.307122640000000002e-01 9.882552228945731473e-03
2.309944800000000020e-01 9.843728824242095957e-03
2.312766970000000033e-01 9.805184705029112990e-03
2.315589140000000046e-01 9.766926371066405460e-03
2.318411310000000058e-01 9.728968152237138858e-03
2.321233480000000071e-01 9.691316260925338794e-03
2.324055650000000084e-01 9.653968794394758926e-03
2.326877820000000097e-01 9.616923506330126575e-03
2.329699980000000115e-01 9.580178314250249044e-03
2.332522150000000127e-01 9.543731248324263672e-03
2.335344319999999863e-01 9.507590250049045497e-03
2.338166489999999875e-01 9.471771718161658971e-03
2.340988659999999888e-01 9.436279941656513723e-03
2.343810829999999901e-01 9.401077573149015099e-03
2.346632989999999919e-01 9.366121164024460502e-03
2.349455159999999931e-01 9.331407523892753728e-03
2.352277329999999944e-01 9.296966908949051700e-03
2.355099499999999957e-01 9.262823834024375494e-03
2.357921669999999970e-01 9.228983168006372334e-03
2.360743839999999982e-01 9.195445170858967607e-03
2.363566000000000000e-01 9.162196858727149340e-03
2.366388170000000013e-01 9.129215099107808318e-03
2.369210340000000026e-01 9.096485083803734426e-03
2.372032510000000038e-01 9.064013724074903439e-03
2.374854680000000051e-01 9.031810791923529716e-03
2.377676850000000064e-01 8.999877199747669670e-03
2.380499010000000082e-01 8.968208119633076097e-03
2.383321180000000095e-01 8.936801105510639581e-03
2.386143350000000107e-01 8.905660770084722691e-03
2.388965520000000120e-01 8.874791173382343135e-03
2.391787690000000133e-01 8.844181543942942342e-03
2.394609859999999868e-01 8.813812349010014327e-03
2.397432019999999886e-01 8.783676519548826514e-03
2.400254189999999899e-01 8.753793272990298066e-03
2.403076359999999911e-01 8.724182795902991547e-03
2.405898529999999924e-01 8.694839887603941081e-03
2.408720699999999937e-01 8.665745894573778640e-03
2.411542869999999950e-01 8.636891348714804267e-03
2.414365029999999968e-01 8.608284705058186215e-03
2.417187199999999980e-01 8.579933856130749284e-03
2.420009369999999993e-01 8.551828811156117136e-03
2.422831540000000006e-01 8.523950823095918436e-03
2.425653710000000018e-01 8.496287954179122803e-03
2.428475880000000031e-01 8.468840071227662705e-03
2.431298040000000049e-01 8.441611391379137339e-03
2.434120210000000062e-01 8.414627653729071788e-03
2.436942380000000075e-01 8.387923714906080769e-03
2.439764550000000087e-01 8.361500779262192110e-03
2.442586720000000100e-01 8.335308069991404639e-03
2.445408890000000113e-01 8.309299155780278459e-03
2.448231050000000131e-01 8.283482649186289792e-03
2.451053219999999866e-01 8.257887680137840358e-03
2.453875389999999879e-01 8.232526968628736674e-03
2.456697559999999891e-01 8.207389820914153325e-03
2.459519729999999904e-01 8.182465592923167039e-03
2.462341899999999917e-01 8.157753475862153728e-03
2.465164059999999935e-01 8.133256088610440332e-03
2.467986229999999948e-01 8.108974402609114146e-03
2.470808399999999960e-01 8.084907902228426202e-03
2.473630569999999973e-01 8.061057451255496456e-03
2.476452739999999986e-01 8.037431653330885314e-03
2.479274909999999998e-01 8.014040676020042081e-03
2.482097080000000011e-01 7.990871176080572083e-03
2.484919240000000029e-01 7.967883226433335880e-03
2.487741410000000042e-01 7.945046124179925770e-03
2.490563580000000055e-01 7.922376949617417757e-03
2.493385750000000067e-01 7.899905292628501760e-03
2.496207920000000080e-01 7.877652194411529155e-03
2.499030090000000093e-01 7.855629945428960204e-03
2.501852250000000111e-01 7.833840651985890524e-03
2.504674419999999846e-01 7.812247977867117603e-03
2.507496590000000136e-01 7.790808602027203024e-03
2.510318759999999871e-01 7.769519870198746299e-03
2.513140930000000162e-01 7.748416770891886074e-03
2.515963099999999897e-01 7.727526524152089106e-03
2.518785259999999915e-01 7.706844797282454487e-03
2.521607430000000205e-01 7.686360295817705988e-03
2.524429599999999940e-01 7.666062993139261331e-03
2.527251770000000231e-01 7.645943662188889323e-03
2.530073939999999966e-01 7.625992612143446883e-03
2.532896110000000256e-01 7.606198648124737685e-03
2.535718270000000274e-01 7.586552319490211076e-03
2.538540440000000009e-01 7.567072318729848278e-03
2.541362609999999744e-01 7.547798837061921173e-03
2.544184780000000035e-01 7.528751659783722641e-03
2.547006949999999770e-01 7.509893536091215814e-03
2.549829120000000060e-01 7.491180228755587450e-03
2.552651280000000078e-01 7.472600849700353730e-03
2.555473449999999813e-01 7.454166870674250496e-03
2.558295620000000103e-01 7.435889901339792947e-03
2.561117789999999839e-01 7.417780293472219302e-03
2.563939960000000129e-01 7.399847388954159874e-03
2.566762129999999864e-01 7.382091559942588303e-03
2.569584289999999882e-01 7.364507748221196110e-03
2.572406460000000172e-01 7.347087012431336751e-03
2.575228629999999908e-01 7.329812683504119408e-03
2.578050800000000198e-01 7.312669915917053079e-03
2.580872969999999933e-01 7.295671476829483117e-03
2.583695140000000223e-01 7.278845186673829973e-03
2.586517300000000241e-01 7.262206630019269610e-03
2.589339469999999976e-01 7.245746790394910070e-03
2.592161640000000267e-01 7.229451675284892694e-03
2.594983810000000002e-01 7.213288142759680804e-03
2.597805979999999737e-01 7.197214095622377593e-03
2.600628150000000027e-01 7.181226661415403105e-03
2.603450310000000045e-01 7.165392264100522296e-03
2.606272479999999780e-01 7.149772597165380932e-03
2.609094650000000071e-01 7.134345133365563654e-03
2.611916819999999806e-01 7.119050477205936256e-03
2.614738990000000096e-01 7.103858269743382366e-03
2.617561159999999831e-01 7.088784445722893374e-03
2.620383319999999849e-01 7.073845502297936363e-03
2.623205490000000140e-01 7.059034699061047385e-03
2.628849830000000165e-01 7.029754969412087967e-03
2.631671999999999900e-01 7.015319660583556501e-03
2.634494170000000191e-01 7.001057009806719439e-03
2.637316330000000208e-01 6.986958804514696759e-03
2.640138499999999944e-01 6.973004536867492831e-03
2.642960670000000234e-01 6.959174521527488992e-03
2.645782839999999969e-01 6.945449906269661119e-03
2.648605010000000259e-01 6.931816788857781547e-03
2.651427179999999995e-01 6.918285931693835510e-03
2.654249349999999730e-01 6.904875664993023743e-03
2.657071509999999748e-01 6.891598605684620162e-03
2.659893680000000038e-01 6.878460537243112280e-03
2.662715849999999773e-01 6.865462785488471269e-03
2.665538020000000063e-01 6.852587713688887763e-03
2.668360189999999799e-01 6.839813164721686954e-03
2.671182360000000089e-01 6.827136351703446022e-03
2.674004520000000107e-01 6.814574833803579458e-03
2.676826689999999842e-01 6.802140616546783168e-03
2.679648860000000132e-01 6.789820446602226785e-03
2.682471029999999867e-01 6.777595382467313870e-03
2.685293200000000158e-01 6.765460531197771583e-03
2.688115369999999893e-01 6.753424290052646890e-03
2.690937529999999911e-01 6.741499498515721514e-03
2.693759700000000201e-01 6.729712594290618126e-03
2.696581869999999936e-01 6.718089925682731861e-03
2.699404040000000227e-01 6.706600656776549874e-03
2.702226209999999962e-01 6.695165182290351534e-03
2.705048380000000252e-01 6.683738828688706030e-03
2.707870540000000270e-01 6.672391910362293101e-03
2.710692710000000005e-01 6.661211310103014663e-03
2.713514879999999740e-01 6.650195940347826754e-03
2.716337050000000031e-01 6.639276863898974437e-03
2.719159219999999766e-01 6.628411931799184538e-03
2.721981390000000056e-01 6.617639106651617906e-03
2.724803550000000074e-01 6.607005077592649316e-03
2.727625719999999809e-01 6.596488660764818907e-03
2.730447890000000100e-01 6.586021838519552467e-03
2.733270059999999835e-01 6.575572842941523020e-03
2.736092230000000125e-01 6.565203268265113606e-03
2.738914399999999860e-01 6.554981994467349270e-03
2.741736559999999878e-01 6.544898681743512719e-03
2.744558730000000168e-01 6.534893457563676136e-03
2.747380899999999904e-01 6.524933900557259962e-03
2.750203070000000194e-01 6.515050602373557813e-03
2.755847410000000219e-01 6.495613874439154674e-03
2.758669570000000237e-01 6.486029868632252858e-03
2.761491739999999973e-01 6.476511719478720425e-03
2.764313910000000263e-01 6.467068130200621413e-03
2.767136079999999998e-01 6.457709504715867035e-03
2.772780420000000023e-01 6.439247139611762628e-03
2.775602580000000041e-01 6.430140471759275729e-03
2.778424749999999777e-01 6.421124708548996661e-03
2.781246920000000067e-01 6.412204738426975290e-03
2.784069089999999802e-01 6.403357850217970826e-03
2.786891260000000092e-01 6.394549257743317380e-03
2.789713429999999827e-01 6.385772312234534731e-03
2.792535589999999845e-01 6.377066200175845329e-03
2.795357760000000136e-01 6.368467795851405662e-03
2.798179929999999871e-01 6.359971703016311685e-03
2.801002100000000161e-01 6.351555483044642528e-03
2.803824269999999896e-01 6.343205171845015845e-03
2.806646440000000187e-01 6.334919272135147369e-03
2.809468609999999922e-01 6.326696658030855208e-03
2.815112940000000230e-01 6.310421299717583303e-03
2.817935109999999965e-01 6.302367168025719765e-03
2.820757280000000256e-01 6.294388149710394842e-03
2.823579449999999991e-01 6.286497267274726054e-03
2.826401619999999726e-01 6.278677349937272605e-03
2.832045950000000034e-01 6.263168320694720292e-03
2.834868119999999769e-01 6.255499281244605164e-03
2.837690290000000060e-01 6.247913464776493238e-03
2.840512459999999795e-01 6.240398048240086704e-03
2.843334630000000085e-01 6.232931722291642877e-03
2.846156790000000103e-01 6.225505843991125353e-03
2.848978959999999838e-01 6.218125257117717436e-03
2.851801130000000128e-01 6.210798235137046999e-03
2.854623299999999864e-01 6.203543999190369931e-03
2.857445470000000154e-01 6.196383075326406323e-03
2.860267639999999889e-01 6.189303383579373291e-03
2.863089799999999907e-01 6.182261286352736321e-03
2.865911970000000197e-01 6.175226333932188130e-03
2.868734139999999933e-01 6.168221082886039819e-03
2.871556310000000223e-01 6.161278943484385304e-03
2.874378479999999958e-01 6.154412367396306684e-03
2.877200650000000248e-01 6.147615483203628522e-03
2.880022810000000266e-01 6.140878830550814543e-03
2.882844980000000001e-01 6.134183187656331096e-03
2.885667149999999737e-01 6.127509366939315472e-03
2.888489320000000027e-01 6.120867936559208113e-03
2.891311489999999762e-01 6.114292937027740460e-03
2.894133660000000052e-01 6.107803510395330357e-03
2.896955820000000070e-01 6.101374040102134841e-03
2.899777989999999805e-01 6.094972653779027159e-03
2.902600160000000096e-01 6.088591950902274424e-03
2.905422329999999831e-01 6.082241857859950994e-03
2.908244500000000121e-01 6.075930720354979012e-03
2.913888829999999874e-01 6.063438128149081612e-03
2.916711000000000165e-01 6.057265701068538337e-03
2.919533169999999900e-01 6.051152971096963006e-03
2.922355340000000190e-01 6.045098620197084278e-03
2.927999680000000216e-01 6.033070284165756650e-03
2.930821840000000233e-01 6.027080317983681684e-03
2.933644009999999969e-01 6.021134711040532043e-03
2.939288349999999994e-01 6.009397610607793150e-03
2.942110519999999729e-01 6.003573307443312024e-03
2.947754850000000038e-01 5.992022205425714260e-03
2.950577019999999773e-01 5.986321247718299175e-03
2.953399190000000063e-01 5.980679056741810933e-03
2.956221359999999798e-01 5.975097147434946590e-03
2.959043530000000088e-01 5.969553312829482643e-03
2.961865699999999824e-01 5.964014642428430019e-03
2.964687870000000114e-01 5.958471449194391659e-03
2.967510030000000132e-01 5.952952818988453514e-03
2.970332199999999867e-01 5.947485876391608341e-03
2.973154370000000157e-01 5.942059972792585604e-03
2.975976539999999892e-01 5.936649118479599835e-03
2.978798710000000183e-01 5.931250185894451632e-03
2.981620879999999918e-01 5.925894378798373871e-03
2.984443039999999936e-01 5.920607324985363747e-03
2.987265210000000226e-01 5.915364032840134470e-03
2.990087379999999961e-01 5.910121457824866510e-03
2.992909550000000252e-01 5.904865867357609807e-03
2.995731719999999987e-01 5.899623174057195413e-03
2.998553890000000277e-01 5.894419673759790715e-03
3.004198220000000030e-01 5.884179028850389757e-03
3.007020389999999765e-01 5.879141885055500297e-03
3.009842560000000056e-01 5.874127850707022008e-03
3.012664729999999791e-01 5.869111754445763447e-03
3.015486900000000081e-01 5.864094834475645085e-03
3.018309060000000099e-01 5.859086129739863279e-03
3.026775569999999860e-01 5.844193203229351881e-03
3.032419909999999885e-01 5.834470552025745015e-03
3.035242069999999903e-01 5.829678177607754488e-03
3.046530749999999954e-01 5.810505500526742979e-03
3.049352920000000244e-01 5.805797174206102362e-03
3.057819419999999733e-01 5.791740445451550728e-03
3.060641590000000023e-01 5.787057609795026938e-03
3.063463759999999758e-01 5.782386821208272860e-03
3.066285930000000048e-01 5.777740444292743180e-03
3.069108090000000066e-01 5.773129028823965024e-03
3.071930259999999802e-01 5.768557346803929869e-03
3.074752430000000092e-01 5.764027831910187132e-03
3.077574599999999827e-01 5.759524529305438262e-03
3.080396770000000117e-01 5.755018129737029912e-03
3.083218939999999852e-01 5.750493448070610747e-03
3.086041099999999870e-01 5.745973415771907060e-03
3.088863270000000161e-01 5.741485002228807581e-03
3.094507610000000186e-01 5.732593044940975657e-03
3.097329779999999921e-01 5.728164247665435901e-03
3.100151950000000212e-01 5.723744974391598885e-03
3.102974110000000230e-01 5.719338768812092140e-03
3.105796279999999965e-01 5.714952577050609259e-03
3.108618450000000255e-01 5.710595388468030914e-03
3.111440619999999990e-01 5.706269299794165979e-03
3.114262789999999725e-01 5.701961808201047067e-03
3.117084960000000016e-01 5.697658997379130216e-03
3.119907129999999751e-01 5.693350955957012134e-03
3.122729289999999769e-01 5.689030029404284865e-03
3.125551460000000059e-01 5.684701373961088128e-03
3.131195800000000085e-01 5.676136474116913293e-03
3.136840140000000110e-01 5.667684152325861216e-03
3.139662300000000128e-01 5.663440347711050545e-03
3.142484469999999863e-01 5.659203137080061514e-03
3.145306640000000153e-01 5.654995184313795463e-03
3.148128809999999889e-01 5.650811079516578593e-03
3.150950980000000179e-01 5.646633595962504901e-03
3.153773149999999914e-01 5.642454784821203558e-03
3.162239649999999958e-01 5.629972167844348244e-03
3.165061820000000248e-01 5.625841180604333920e-03
3.167883989999999983e-01 5.621724493128072916e-03
3.170706160000000273e-01 5.617616259308412172e-03
3.173528319999999736e-01 5.613511107882528280e-03
3.176350490000000026e-01 5.609407793892159759e-03
3.179172659999999762e-01 5.605306564215181524e-03
3.181994830000000052e-01 5.601208645807526261e-03
3.184816999999999787e-01 5.597116504449328733e-03
3.187639170000000077e-01 5.593034318823532879e-03
3.193283499999999830e-01 5.584949951470399507e-03
3.196105670000000121e-01 5.580952404189178789e-03
3.198927839999999856e-01 5.576946798320689229e-03
3.201750010000000146e-01 5.572907858060356483e-03
3.204572179999999881e-01 5.568857306268505322e-03
3.207394339999999899e-01 5.564828670370960961e-03
3.210216510000000190e-01 5.560834293144935152e-03
3.215860850000000215e-01 5.552908372198807861e-03
3.224327350000000258e-01 5.540914742949955979e-03
3.229971689999999729e-01 5.532932904336970714e-03
3.235616029999999754e-01 5.525037310149316823e-03
3.238438200000000045e-01 5.521084556760523857e-03
3.241260360000000063e-01 5.517145949256219845e-03
3.244082529999999798e-01 5.513230521998670891e-03
3.246904700000000088e-01 5.509318300020255195e-03
3.249726869999999823e-01 5.505385900113824414e-03
3.252549040000000113e-01 5.501439988860354173e-03
3.258193369999999867e-01 5.493610049116704960e-03
3.261015540000000157e-01 5.489717478495921565e-03
3.263837709999999892e-01 5.485804381070421253e-03
3.266659880000000182e-01 5.481876932777943537e-03
3.269482049999999917e-01 5.477963937380774320e-03
3.272304220000000208e-01 5.474080361594925101e-03
3.275126380000000226e-01 5.470206646610810929e-03
3.280770720000000251e-01 5.462421938920583933e-03
3.283592889999999986e-01 5.458526548247353768e-03
3.286415060000000277e-01 5.454642557092678409e-03
3.289237230000000012e-01 5.450764271120057264e-03
3.292059399999999747e-01 5.446885385070627562e-03
3.294881559999999765e-01 5.443011215299164984e-03
3.297703730000000055e-01 5.439153267790027522e-03
