# q  I_recon
3.245493999999999810e-03 9.951040611029242644e-01
3.527709999999999874e-03 9.942190591156330193e-01
3.809926999999999845e-03 9.932615259930880347e-01
4.092143999999999816e-03 9.922317269319839150e-01
4.374361000000000221e-03 9.911299281290092411e-01
4.656577999999999759e-03 9.899564663737133730e-01
4.938795000000000164e-03 9.887117302972734389e-01
5.221011000000000228e-03 9.873961106248290154e-01
5.503227999999999766e-03 9.860099736023490991e-01
5.785445000000000171e-03 9.845537027153477005e-01
6.067661999999999708e-03 9.830277381493437439e-01
6.349879000000000114e-03 9.814325605821563325e-01
6.632095999999999651e-03 9.797686409048323997e-01
6.914311999999999715e-03 9.780364312303641006e-01
7.196529000000000120e-03 9.762363708875982926e-01
7.478745999999999658e-03 9.743690157774181904e-01
7.760963000000000063e-03 9.724349741857185592e-01
8.043180000000000468e-03 9.704348297336772289e-01
8.325397000000000006e-03 9.683691117581026964e-01
8.607613999999999543e-03 9.662383538824868001e-01
8.889829999999999607e-03 9.640432004761931850e-01
9.172046999999999145e-03 9.617843272785246977e-01
9.454264000000000417e-03 9.594624037474230871e-01
9.736480999999999955e-03 9.570780341996268925e-01
1.001869799999999949e-02 9.546318286123474106e-01
1.030091500000000077e-02 9.521244943433629926e-01
1.058313100000000083e-02 9.495567945254574926e-01
1.086534800000000037e-02 9.469294460755753873e-01
1.114756499999999990e-02 9.442431602293320791e-01
1.142978199999999944e-02 9.414986483510924264e-01
1.171199900000000071e-02 9.386967091395569396e-01
1.199421600000000025e-02 9.358381778711251098e-01
1.227643200000000032e-02 9.329238386277883821e-01
1.255864899999999985e-02 9.299543488040827866e-01
1.284086599999999939e-02 9.269304188072844397e-01
1.312308300000000066e-02 9.238529381896956050e-01
1.340530000000000020e-02 9.207228674923932932e-01
1.368751699999999974e-02 9.175410782914916741e-01
1.396973299999999980e-02 9.143083294320702992e-01
1.425194999999999934e-02 9.110253629997034919e-01
1.453416700000000061e-02 9.076931042043374642e-01
1.481638400000000015e-02 9.043125157826740201e-01
1.509860099999999969e-02 9.008844782430130982e-01
1.538081799999999923e-02 8.974097686406921071e-01
1.566303399999999929e-02 8.938892026001665769e-01
1.594525100000000056e-02 8.903237181908203457e-01
1.622746799999999837e-02 8.867143370669329228e-01
1.650968499999999964e-02 8.830619882620555083e-01
1.679190200000000091e-02 8.793675097799389384e-01
1.707411899999999871e-02 8.756317613836545055e-01
1.735633500000000051e-02 8.718557325874251029e-01
1.763855199999999832e-02 8.680404005958001212e-01
1.792076899999999959e-02 8.641866918539770070e-01
1.820298600000000086e-02 8.602954264940193552e-01
1.848520299999999866e-02 8.563674593357830656e-01
1.876741999999999994e-02 8.524037959598349534e-01
1.904963600000000173e-02 8.484054881291156480e-01
1.933185299999999954e-02 8.443734537075532343e-01
1.961407000000000081e-02 8.403085686000651977e-01
1.989628699999999861e-02 8.362117331206652127e-01
2.017850399999999988e-02 8.320839912209863076e-01
2.046072100000000116e-02 8.279264061351081505e-01
2.074293799999999896e-02 8.237398441462231435e-01
2.102515400000000076e-02 8.195250223215245766e-01
2.130737099999999856e-02 8.152827056401209527e-01
2.158958799999999983e-02 8.110140038266547835e-01
2.187180500000000111e-02 8.067200572268091729e-01
2.215402199999999891e-02 8.024018352561327339e-01
2.243623900000000018e-02 7.980601787898491395e-01
2.271845499999999851e-02 7.936959669557727137e-01
2.300067199999999978e-02 7.893101032687163121e-01
2.328288900000000106e-02 7.849035438999881764e-01
2.356510599999999886e-02 7.804771586491334734e-01
2.384732300000000013e-02 7.760317693694473995e-01
2.412954000000000140e-02 7.715682485214393482e-01
2.441175599999999973e-02 7.670876104003123697e-01
2.469397300000000101e-02 7.625908266089088672e-01
2.497618999999999881e-02 7.580787661699667224e-01
2.525840700000000008e-02 7.535521909045326261e-01
2.554062400000000135e-02 7.490119240218087171e-01
2.582284099999999916e-02 7.444589259208043153e-01
2.610505700000000096e-02 7.398941749595646655e-01
2.638727399999999876e-02 7.353184466156663657e-01
2.666949100000000003e-02 7.307324806573221032e-01
2.695170800000000130e-02 7.261370629284112921e-01
2.723392499999999911e-02 7.215331031038720866e-01
2.751614200000000038e-02 7.169215118284748556e-01
2.779835799999999871e-02 7.123031051621452336e-01
2.808057499999999998e-02 7.076785958979543434e-01
2.836279200000000125e-02 7.030487917443849488e-01
2.864500899999999906e-02 6.984145655246812856e-01
2.892722600000000033e-02 6.937767734038695622e-01
2.920944300000000160e-02 6.891360901173818609e-01
2.949165899999999993e-02 6.844931284911317526e-01
2.977387600000000120e-02 6.798485657446472485e-01
3.005609299999999900e-02 6.752033094092615428e-01
3.033831000000000028e-02 6.705582378808544464e-01
3.062052700000000155e-02 6.659140450081527662e-01
3.090274399999999935e-02 6.612713527450450046e-01
3.118496000000000115e-02 6.566308501841117140e-01
3.146717699999999895e-02 6.519932497652018988e-01
3.174939400000000023e-02 6.473592996126240617e-01
3.203161100000000150e-02 6.427296220620308809e-01
3.231382800000000277e-02 6.381048026614540847e-01
3.259604499999999710e-02 6.334854956453979113e-01
3.287826099999999890e-02 6.288724600854896929e-01
3.316047800000000018e-02 6.242663834561036351e-01
3.344269500000000145e-02 6.196678590025477273e-01
3.372491200000000272e-02 6.150774207712880193e-01
3.400712899999999705e-02 6.104956710932870623e-01
3.428934599999999833e-02 6.059232916424944770e-01
3.457156200000000013e-02 6.013609439840219562e-01
3.485377900000000140e-02 5.968090588135399610e-01
3.513599600000000267e-02 5.922680695106283810e-01
3.541821299999999700e-02 5.877385242394806975e-01
3.570042999999999828e-02 5.832211084742408014e-01
3.598264699999999955e-02 5.787164637565357372e-01
3.626486400000000082e-02 5.742250308558007887e-01
3.654708000000000262e-02 5.697472219876482669e-01
3.682929699999999695e-02 5.652835179795044906e-01
3.711151399999999823e-02 5.608345572280550861e-01
3.739373099999999950e-02 5.564008998764685687e-01
3.767594800000000077e-02 5.519828700164308710e-01
3.795816500000000204e-02 5.475807489066037981e-01
3.824038099999999690e-02 5.431949981845587416e-01
3.852259799999999818e-02 5.388261736689793358e-01
3.880481499999999945e-02 5.344748278731192848e-01
3.908703200000000072e-02 5.301413260973187880e-01
3.936924900000000199e-02 5.258260035460636805e-01
3.965146600000000326e-02 5.215292496760577379e-01
3.993368199999999812e-02 5.172515108203936673e-01
4.021589899999999940e-02 5.129931542705135072e-01
4.049811600000000067e-02 5.087544954347409387e-01
4.078033300000000194e-02 5.045358235328074592e-01
4.106255000000000321e-02 5.003375046917415414e-01
4.134476699999999755e-02 4.961599582967989863e-01
4.162698299999999935e-02 4.920035607485269691e-01
4.190920000000000062e-02 4.878684969436163366e-01
4.219141700000000189e-02 4.837549850468217394e-01
4.247363400000000316e-02 4.796633597815897487e-01
4.275585099999999750e-02 4.755940376598521979e-01
4.303806799999999877e-02 4.715473604887421843e-01
4.332028400000000057e-02 4.675235138108713162e-01
4.360250100000000184e-02 4.635226263104338384e-01
4.388471800000000311e-02 4.595449578783527000e-01
4.416693499999999745e-02 4.555908035896185648e-01
4.444915199999999872e-02 4.516604249873827914e-01
4.473136899999999999e-02 4.477540150336111191e-01
4.501358500000000179e-02 4.438717801662707130e-01
4.529580200000000306e-02 4.400139535376155209e-01
4.557801899999999740e-02 4.361808426941251593e-01
4.586023599999999867e-02 4.323726234940267199e-01
4.614245299999999994e-02 4.285892583250429100e-01
4.642467000000000121e-02 4.248307257922285252e-01
4.670688600000000301e-02 4.210973069373038502e-01
4.698910299999999735e-02 4.173893720673676477e-01
4.727131999999999862e-02 4.137071839683946206e-01
4.755353699999999989e-02 4.100507518346156455e-01
4.783575400000000116e-02 4.064200802277019298e-01
4.811797100000000244e-02 4.028152885821180695e-01
4.840018699999999729e-02 3.992365545165880159e-01
4.868240399999999857e-02 3.956839640301432759e-01
4.896462099999999984e-02 3.921575625609597937e-01
4.924683800000000111e-02 3.886573928217026963e-01
4.952905500000000238e-02 3.851835925200333688e-01
4.981127199999999672e-02 3.817363315670649904e-01
5.009348799999999852e-02 3.783157028402318045e-01
5.037570499999999979e-02 3.749216453290894480e-01
5.065792200000000106e-02 3.715541528539016980e-01
5.094013900000000233e-02 3.682133442405843837e-01
5.122235599999999667e-02 3.648993788296784890e-01
5.150457299999999794e-02 3.616122936975114111e-01
5.178678999999999921e-02 3.583519804567637523e-01
5.206900600000000101e-02 3.551183673549110908e-01
5.235122300000000228e-02 3.519115034952930987e-01
5.263343999999999662e-02 3.487315133073098927e-01
5.291565699999999789e-02 3.455784120310179675e-01
5.319787399999999916e-02 3.424521100408654539e-01
5.348009100000000043e-02 3.393525428397236032e-01
5.376230700000000223e-02 3.362797807057671950e-01
5.404452399999999657e-02 3.332338864227062936e-01
5.432674099999999784e-02 3.302148126346223789e-01
5.460895799999999911e-02 3.272223626401159491e-01
5.489117500000000038e-02 3.242563898705096981e-01
5.517339200000000166e-02 3.213169507571950745e-01
5.545560800000000345e-02 3.184041526665680188e-01
5.573782499999999779e-02 3.155179719666707516e-01
5.602004199999999906e-02 3.126583285151994795e-01
5.630225900000000033e-02 3.098251219543912693e-01
5.658447600000000161e-02 3.070182296078655670e-01
5.686669300000000288e-02 3.042375268241063746e-01
5.714890899999999774e-02 3.014829379764562556e-01
5.743112599999999901e-02 2.987543892191674155e-01
5.771334300000000028e-02 2.960518392124271703e-01
5.799556000000000155e-02 2.933752435443341411e-01
5.827777700000000283e-02 2.907245516389271311e-01
5.855999399999999716e-02 2.880996147194679335e-01
5.884220999999999896e-02 2.855002234586347387e-01
5.912442700000000023e-02 2.829262017619301184e-01
5.940664400000000150e-02 2.803775616050389607e-01
5.968886100000000278e-02 2.778543167031221617e-01
5.997107799999999711e-02 2.753563142337007719e-01
6.025329499999999838e-02 2.728832949676819886e-01
6.053551100000000018e-02 2.704350828669733198e-01
6.081772800000000145e-02 2.680116515832332569e-01
6.109994500000000273e-02 2.656130068159703872e-01
6.138216199999999706e-02 2.632389585728625581e-01
6.166437899999999833e-02 2.608892098144211524e-01
6.194659599999999960e-02 2.585635775361730948e-01
6.222881200000000140e-02 2.562621247784173661e-01
6.251102899999999574e-02 2.539848804800869941e-01
6.279324599999999701e-02 2.517315555002778149e-01
6.307546299999999828e-02 2.495016770797024164e-01
6.335767999999999955e-02 2.472949827414109292e-01
6.363989700000000083e-02 2.451116021956347979e-01
6.392211300000000263e-02 2.429516696639864304e-01
6.420433000000000390e-02 2.408149450331129870e-01
6.448654700000000517e-02 2.387010497011324284e-01
6.476876400000000644e-02 2.366097307978924369e-01
6.505098099999999384e-02 2.345409590970057301e-01
6.533319799999999511e-02 2.324947007714109337e-01
6.561541399999999691e-02 2.304707540206909488e-01
6.589763099999999818e-02 2.284688239014704136e-01
6.617984799999999945e-02 2.264887029042688682e-01
6.646206500000000073e-02 2.245302754057396377e-01
6.674428200000000200e-02 2.225934232358912912e-01
6.702649900000000327e-02 2.206779639748583655e-01
6.730871600000000454e-02 2.187836918963756150e-01
6.759093200000000634e-02 2.169104329540012255e-01
6.787314899999999374e-02 2.150580271521159992e-01
6.815536599999999501e-02 2.132263266740351826e-01
6.843758299999999628e-02 2.114151228119556525e-01
6.871979999999999755e-02 2.096241901935642360e-01
6.900201699999999883e-02 2.078533481712904474e-01
6.928423300000000062e-02 2.061024767598879648e-01
6.956645000000000190e-02 2.043714216344906243e-01
6.984866700000000317e-02 2.026599569269560142e-01
7.013088400000000444e-02 2.009678264210408571e-01
7.041310100000000571e-02 1.992948435569905918e-01
7.069531799999999311e-02 1.976408983430845423e-01
7.097753399999999491e-02 1.960058641114890143e-01
7.125975099999999618e-02 1.943894860251330070e-01
7.154196799999999745e-02 1.927915014000952942e-01
7.182418499999999872e-02 1.912117292238462440e-01
7.210640200000000000e-02 1.896500752895386166e-01
7.238861900000000127e-02 1.881064189900143457e-01
7.267083500000000307e-02 1.865805325327554720e-01
7.295305200000000434e-02 1.850721495235443659e-01
7.323526900000000561e-02 1.835810934527950244e-01
7.351748600000000688e-02 1.821072483000866216e-01
7.379970299999999428e-02 1.806504698607039605e-01
7.408191999999999555e-02 1.792105125053873871e-01
7.436413599999999735e-02 1.777871206371058055e-01
7.464635299999999862e-02 1.763801212520810791e-01
7.492856999999999990e-02 1.749894353961557736e-01
7.521078700000000117e-02 1.736149285852507385e-01
7.549300400000000244e-02 1.722563102646552657e-01
7.577522100000000371e-02 1.709132743638632490e-01
7.605743700000000551e-02 1.695857019750148242e-01
7.633965400000000678e-02 1.682735928633684042e-01
7.662187099999999418e-02 1.669768584835090719e-01
7.690408799999999545e-02 1.656951269471401977e-01
7.718630499999999672e-02 1.644280039165169072e-01
7.746852199999999800e-02 1.631753691780869486e-01
7.775073799999999979e-02 1.619372864354349240e-01
7.803295500000000107e-02 1.607136974834222354e-01
7.831517200000000234e-02 1.595042929812120758e-01
7.859738900000000361e-02 1.583087391391351517e-01
7.887960600000000488e-02 1.571268895146852029e-01
7.916182300000000616e-02 1.559587079126055209e-01
7.944403899999999408e-02 1.548040879320555230e-01
7.972625599999999535e-02 1.536627507576147633e-01
8.000847299999999662e-02 1.525344233638133984e-01
8.029068999999999789e-02 1.514189539886408864e-01
8.057290699999999917e-02 1.503162571410003312e-01
8.085512400000000044e-02 1.492262126147698154e-01
8.113734000000000224e-02 1.481486369369393041e-01
8.141955700000000351e-02 1.470833329973267323e-01
8.170177400000000478e-02 1.460301571328438686e-01
8.198399100000000606e-02 1.449889815045448394e-01
8.226620799999999345e-02 1.439596516082974897e-01
8.254842499999999472e-02 1.429419672385928430e-01
8.283064099999999652e-02 1.419357352534634520e-01
8.311285799999999779e-02 1.409408076667845733e-01
8.339507499999999907e-02 1.399570707995640706e-01
8.367729200000000034e-02 1.389843930019628582e-01
8.395950900000000161e-02 1.380226204005302049e-01
8.424172600000000288e-02 1.370715981787249127e-01
8.452394300000000416e-02 1.361311773574384876e-01
8.480615900000000595e-02 1.352012142669316852e-01
8.508837599999999335e-02 1.342815465596288449e-01
8.537059299999999462e-02 1.333720095970664377e-01
8.565280999999999589e-02 1.324724455315925697e-01
8.593502699999999717e-02 1.315827567731904235e-01
8.621724399999999844e-02 1.307028648279502103e-01
8.649946000000000024e-02 1.298326433083390741e-01
8.678167700000000151e-02 1.289718930051279577e-01
8.706389400000000278e-02 1.281204334156035574e-01
8.734611100000000405e-02 1.272781462604521963e-01
8.762832800000000533e-02 1.264449323176546069e-01
8.791054500000000660e-02 1.256206702673535458e-01
8.819276099999999452e-02 1.248052167880463609e-01
8.847497799999999579e-02 1.239984241220552508e-01
8.875719499999999706e-02 1.232001771388911288e-01
8.903941199999999834e-02 1.224103639739991672e-01
8.932162899999999961e-02 1.216288658190032984e-01
8.960384600000000088e-02 1.208555568118781648e-01
8.988606200000000268e-02 1.200903214029233057e-01
9.016827900000000395e-02 1.193330663734581687e-01
9.045049600000000523e-02 1.185837110264221644e-01
9.073271300000000650e-02 1.178421139195185569e-01
9.101492999999999389e-02 1.171080804185021945e-01
9.129714699999999516e-02 1.163814431380265496e-01
9.157936299999999696e-02 1.156621369910487973e-01
9.186157999999999824e-02 1.149501085787012766e-01
9.214379699999999951e-02 1.142452794978216085e-01
9.242601400000000078e-02 1.135475417563147488e-01
9.270823100000000205e-02 1.128567818686426610e-01
9.299044800000000333e-02 1.121728721195015405e-01
9.327266400000000512e-02 1.114956868741918544e-01
9.355488100000000640e-02 1.108251274115260587e-01
9.383709799999999379e-02 1.101611276437488435e-01
9.411931499999999506e-02 1.095036053271959409e-01
9.440153199999999634e-02 1.088524392939941993e-01
9.468374899999999761e-02 1.082075039159630381e-01
9.496596499999999941e-02 1.075687013412603976e-01
9.524818200000000068e-02 1.069359441446427472e-01
9.553039900000000195e-02 1.063091651898730311e-01
9.581261600000000322e-02 1.056883269769027939e-01
9.609483300000000450e-02 1.050733870378894180e-01
9.637705000000000577e-02 1.044641992431752237e-01
9.665926599999999369e-02 1.038605571918541082e-01
9.694148299999999496e-02 1.032623150298151576e-01
9.722369999999999624e-02 1.026694804894240781e-01
9.750591699999999751e-02 1.020820688433990292e-01
9.778813399999999878e-02 1.015000059621986445e-01
9.807035100000000005e-02 1.009231692231185723e-01
9.835256700000000185e-02 1.003514590220809244e-01
9.863478400000000312e-02 9.978481150582005355e-02
9.891700100000000440e-02 9.922317125122336046e-02
9.919921800000000567e-02 9.866646058747914616e-02
9.948143499999999306e-02 9.811459188606216908e-02
9.976365199999999434e-02 9.756747073157014116e-02
1.000458679999999961e-01 9.702499287434844522e-02
1.003280849999999974e-01 9.648705901005510954e-02
1.006103019999999987e-01 9.595366119250331449e-02
1.008925190000000000e-01 9.542482588575915137e-02
1.011747360000000012e-01 9.490050814305212024e-02
1.014569530000000025e-01 9.438055044033291652e-02
1.017391690000000043e-01 9.386480406710552560e-02
1.020213860000000056e-01 9.335322214562946641e-02
1.023036030000000068e-01 9.284580486773340302e-02
1.025858199999999942e-01 9.234252851496264902e-02
1.028680369999999955e-01 9.184333795152933855e-02
1.031502539999999968e-01 9.134816677541177099e-02
1.034324699999999986e-01 9.085690029242790566e-02
1.037146869999999999e-01 9.036940360783364545e-02
1.039969040000000011e-01 8.988564121451803057e-02
1.042791210000000024e-01 8.940569616247577567e-02
1.045613380000000037e-01 8.892961734689654174e-02
1.048435550000000049e-01 8.845724379975451745e-02
1.051257720000000062e-01 8.798835318261667704e-02
1.054079879999999941e-01 8.752284697480544606e-02
1.056902049999999954e-01 8.706076253690174516e-02
1.059724219999999967e-01 8.660213815241225854e-02
1.062546389999999980e-01 8.614695790722201596e-02
1.065368559999999992e-01 8.569518974784086363e-02
1.068190730000000005e-01 8.524676295847792573e-02
1.071012890000000023e-01 8.480156818340027491e-02
1.073835060000000036e-01 8.435951124332603801e-02
1.076657230000000048e-01 8.392058862183504608e-02
1.079479400000000061e-01 8.348481409842073431e-02
1.082301569999999935e-01 8.305215391015988158e-02
1.085123739999999948e-01 8.262252966229394202e-02
1.087945899999999966e-01 8.219587263554303802e-02
1.090768069999999978e-01 8.177214429531208528e-02
1.093590239999999991e-01 8.135131833758339759e-02
1.096412410000000004e-01 8.093336836658658606e-02
1.099234580000000017e-01 8.051826919030134755e-02
1.102056750000000029e-01 8.010598730103073162e-02
1.104878910000000047e-01 7.969646455382792261e-02
1.107701080000000060e-01 7.928963520128913534e-02
1.110523249999999934e-01 7.888546482846865715e-02
1.113345419999999947e-01 7.848393817600821110e-02
1.116167589999999959e-01 7.808503788158224768e-02
1.118989759999999972e-01 7.768873927661104628e-02
1.121811919999999990e-01 7.729501748010549067e-02
1.124634090000000003e-01 7.690383907999609470e-02
1.127456260000000016e-01 7.651517181439013160e-02
1.130278430000000028e-01 7.612896630402417320e-02
1.133100600000000041e-01 7.574513423556440694e-02
1.135922770000000054e-01 7.536359048583235465e-02
1.138744929999999933e-01 7.498435206224456084e-02
1.141567099999999946e-01 7.460749421380762081e-02
1.144389269999999958e-01 7.423304305815969784e-02
1.147211439999999971e-01 7.386090297441415264e-02
1.150033609999999984e-01 7.349096967195774266e-02
1.152855779999999997e-01 7.312321164068565083e-02
1.155677940000000015e-01 7.275763922184301513e-02
1.158500110000000027e-01 7.239425269585469946e-02
1.161322280000000040e-01 7.203304302543754589e-02
1.164144450000000053e-01 7.167399341220691278e-02
1.166966620000000066e-01 7.131704583229053762e-02
1.169788789999999939e-01 7.096212213254511625e-02
1.172610949999999957e-01 7.060919392106997095e-02
1.175433119999999970e-01 7.025831626291011156e-02
1.178255289999999983e-01 6.990954195172603691e-02
1.181077459999999996e-01 6.956281065246568140e-02
1.183899630000000008e-01 6.921801235890394366e-02
1.186721800000000021e-01 6.887507646126152239e-02
1.189543960000000039e-01 6.853399743268424882e-02
1.192366130000000052e-01 6.819477538574038322e-02
1.195188300000000065e-01 6.785743677494725234e-02
1.198010469999999938e-01 6.752201520895496911e-02
1.200832639999999951e-01 6.718850555471321540e-02
1.203654809999999964e-01 6.685684641724329302e-02
1.206476979999999977e-01 6.652697553473234382e-02
1.209299139999999995e-01 6.619885237522570021e-02
1.212121310000000007e-01 6.587244118946163074e-02
1.214943480000000020e-01 6.554774447568227635e-02
1.217765650000000033e-01 6.522480902313723683e-02
1.220587820000000046e-01 6.490366612063107332e-02
1.223409990000000058e-01 6.458425166559386699e-02
1.226232149999999937e-01 6.426647409539093525e-02
1.229054319999999950e-01 6.395030046437678861e-02
1.231876489999999963e-01 6.363577437998819974e-02
1.234698659999999976e-01 6.332292659625005093e-02
1.237520829999999988e-01 6.301171516134512762e-02
1.240343000000000001e-01 6.270207893455376214e-02
1.243165160000000019e-01 6.239399743806380016e-02
1.245987330000000032e-01 6.208748906854903715e-02
1.248809500000000045e-01 6.178257232392761478e-02
1.251631669999999918e-01 6.147924343039688072e-02
1.254453839999999931e-01 6.117749188779966069e-02
1.257276009999999944e-01 6.087727802865598031e-02
1.260098169999999962e-01 6.057853520534293296e-02
1.262920339999999975e-01 6.028121454558985765e-02
1.265742509999999987e-01 5.998534994282749000e-02
1.268564680000000000e-01 5.969098908269426101e-02
1.271386850000000013e-01 5.939812426231354248e-02
1.274209020000000026e-01 5.910669973268185134e-02
1.277031180000000044e-01 5.881667564402297960e-02
1.279853350000000056e-01 5.852806187696302231e-02
1.282675520000000069e-01 5.824088043407885107e-02
1.285497690000000082e-01 5.795512883745083943e-02
1.288319860000000094e-01 5.767078625163137712e-02
1.291142030000000107e-01 5.738782778569541387e-02
1.293964190000000125e-01 5.710621935404817245e-02
1.296786360000000138e-01 5.682592523077412139e-02
1.299608529999999873e-01 5.654695429688741393e-02
1.302430699999999886e-01 5.626934374756065865e-02
1.305252869999999898e-01 5.599311093093099767e-02
1.308075039999999911e-01 5.571822098150899100e-02
1.310897199999999929e-01 5.544463379122008262e-02
1.313719369999999942e-01 5.517232910639800758e-02
1.316541539999999955e-01 5.490130407137258639e-02
1.319363709999999967e-01 5.463156002592783195e-02
1.322185879999999980e-01 5.436310957564751550e-02
1.325008049999999993e-01 5.409596293466861772e-02
1.327830210000000011e-01 5.383009202239296548e-02
1.330652380000000023e-01 5.356544362938818471e-02
1.333474550000000036e-01 5.330198642371701545e-02
1.336296720000000049e-01 5.303972763666022633e-02
1.339118890000000062e-01 5.277868174973239512e-02
1.341941060000000074e-01 5.251888424264813948e-02
1.344763220000000092e-01 5.226038172533075538e-02
1.347585390000000105e-01 5.200316119061193509e-02
1.350407560000000118e-01 5.174710777290815467e-02
1.353229730000000131e-01 5.149211472462539990e-02
1.356051899999999866e-01 5.123822986711468880e-02
1.358874069999999878e-01 5.098557121972753514e-02
1.361696239999999891e-01 5.073418338821292228e-02
1.364518399999999909e-01 5.048399000879104370e-02
1.367340569999999922e-01 5.023491113988157869e-02
1.370162739999999935e-01 4.998694009573205477e-02
1.372984909999999947e-01 4.974009840827814388e-02
1.375807079999999960e-01 4.949440662998990520e-02
1.378629249999999973e-01 4.924988372140719217e-02
1.381451409999999991e-01 4.900653890026727966e-02
1.384273580000000003e-01 4.876431642282492984e-02
1.387095750000000016e-01 4.852314164104806760e-02
1.389917920000000029e-01 4.828300177243062541e-02
1.392740090000000042e-01 4.804396812943608625e-02
1.395562260000000054e-01 4.780609956682722178e-02
1.398384420000000072e-01 4.756935892477883593e-02
1.401206590000000085e-01 4.733367620037028101e-02
1.404028760000000098e-01 4.709903438739734133e-02
1.406850930000000111e-01 4.686547666101064519e-02
1.409673100000000123e-01 4.663303808092282565e-02
1.412495270000000136e-01 4.640169856311598950e-02
1.415317429999999876e-01 4.617142279376056785e-02
1.418139599999999889e-01 4.594217571143933976e-02
1.420961769999999902e-01 4.571392764872536651e-02
1.423783939999999915e-01 4.548666429950892764e-02
1.426606109999999927e-01 4.526043813146582440e-02
1.429428279999999940e-01 4.503531592814679491e-02
1.432250439999999958e-01 4.481129669207956079e-02
1.435072609999999971e-01 4.458830956145439645e-02
1.437894779999999983e-01 4.436630534062218495e-02
1.440716949999999996e-01 4.414531599196746398e-02
1.443539120000000009e-01 4.392538896485506661e-02
1.446361290000000022e-01 4.370650651734676873e-02
1.449183450000000040e-01 4.348859377981503099e-02
1.452005620000000052e-01 4.327160369445654658e-02
1.454827790000000065e-01 4.305559738056333879e-02
1.457649960000000078e-01 4.284065177379365458e-02
1.460472130000000091e-01 4.262676150575202966e-02
1.463294300000000103e-01 4.241385526613823675e-02
1.466116460000000121e-01 4.220188330072534300e-02
1.468938630000000134e-01 4.199086009257294722e-02
1.471760799999999869e-01 4.178081300199985165e-02
1.474582969999999882e-01 4.157174806060040528e-02
1.477405139999999895e-01 4.136365643255742602e-02
1.480227309999999907e-01 4.115653019592457190e-02
1.483049469999999925e-01 4.095036541583316897e-02
1.485871639999999938e-01 4.074515727198671500e-02
1.488693809999999951e-01 4.054091229140803498e-02
1.491515979999999963e-01 4.033764218679593977e-02
1.494338149999999976e-01 4.013534745711500040e-02
1.497160319999999989e-01 3.993400210796421018e-02
1.499982480000000007e-01 3.973357975022181326e-02
1.502804650000000020e-01 3.953407932297043487e-02
1.505626820000000032e-01 3.933551791870044945e-02
1.508448990000000045e-01 3.913790109533659550e-02
1.511271160000000058e-01 3.894121128296595263e-02
1.514093330000000071e-01 3.874542995919993960e-02
1.516915490000000089e-01 3.855055683024135454e-02
1.519737660000000101e-01 3.835659874725726171e-02
1.522559830000000114e-01 3.816356232843359092e-02
1.525382000000000127e-01 3.797144900323422279e-02
1.528204169999999862e-01 3.778026007401028008e-02
1.531026339999999875e-01 3.758999975128904381e-02
1.533848509999999887e-01 3.740067332926310523e-02
1.536670669999999905e-01 3.721226441919834454e-02
1.539492839999999918e-01 3.702471680530573100e-02
1.542315009999999931e-01 3.683798517442109927e-02
1.545137179999999943e-01 3.665211049732859661e-02
1.547959349999999956e-01 3.646716965265728305e-02
1.550781519999999969e-01 3.628318833552471312e-02
1.553603679999999987e-01 3.610011474535169962e-02
1.556425850000000000e-01 3.591789650916714371e-02
1.559248020000000012e-01 3.573653178819286014e-02
1.562070190000000025e-01 3.555603624730083873e-02
1.564892360000000038e-01 3.537641537080479098e-02
1.567714530000000051e-01 3.519766062687327418e-02
1.570536690000000069e-01 3.501976543830116056e-02
1.573358860000000081e-01 3.484273404654874423e-02
1.576181030000000094e-01 3.466657650026373078e-02
1.579003200000000107e-01 3.449128907217348383e-02
1.581825370000000119e-01 3.431685176715637553e-02
1.584647540000000132e-01 3.414324927377396929e-02
1.587469699999999873e-01 3.397049431649735995e-02
1.590291869999999885e-01 3.379860520657847894e-02
1.593114039999999898e-01 3.362757871848551239e-02
1.595936209999999911e-01 3.345738491426249184e-02
1.598758379999999923e-01 3.328800229537891980e-02
1.601580549999999936e-01 3.311945136249324489e-02
1.604402709999999954e-01 3.295176284528819610e-02
1.607224879999999967e-01 3.278492841763364085e-02
1.610047049999999980e-01 3.261890397656143359e-02
1.612869219999999992e-01 3.245365789223138980e-02
1.615691390000000005e-01 3.228921455453561545e-02
1.618513560000000018e-01 3.212561010895514935e-02
1.621335720000000036e-01 3.196285076124162627e-02
1.624157890000000048e-01 3.180091323612791593e-02
1.626980060000000061e-01 3.163978304126271318e-02
1.629802230000000074e-01 3.147947238385925828e-02
1.632624400000000087e-01 3.131999681628810928e-02
1.635446570000000099e-01 3.116133196802176736e-02
1.638268730000000117e-01 3.100342128297301630e-02
1.641090900000000130e-01 3.084623724340635267e-02
1.643913069999999865e-01 3.068984947511932057e-02
1.646735239999999878e-01 3.053433769996748148e-02
1.649557409999999891e-01 3.037967930825085511e-02
1.652379579999999903e-01 3.022577601821462706e-02
1.655201739999999921e-01 3.007257074170587366e-02
1.658023909999999934e-01 2.992011880847362040e-02
1.660846079999999947e-01 2.976849076365130700e-02
1.663668249999999960e-01 2.961769117075574789e-02
1.666490419999999972e-01 2.946768097506138190e-02
1.669312589999999985e-01 2.931842942621899414e-02
1.672134750000000003e-01 2.916992815527125540e-02
1.674956920000000016e-01 2.902217216760811722e-02
1.677779090000000028e-01 2.887517639904294345e-02
1.680601260000000041e-01 2.872896618000576538e-02
1.683423430000000054e-01 2.858354954717558932e-02
1.686245600000000067e-01 2.843889701557768962e-02
1.689067770000000079e-01 2.829497667446389739e-02
1.691889930000000097e-01 2.815177963855817686e-02
1.694712100000000110e-01 2.800930777374647726e-02
1.697534270000000123e-01 2.786757823800210115e-02
1.700356440000000136e-01 2.772663402000466112e-02
1.703178609999999871e-01 2.758650983368825943e-02
1.706000779999999883e-01 2.744714912420014030e-02
1.708822939999999901e-01 2.730845243967251756e-02
1.711645109999999914e-01 2.717038814195295304e-02
1.714467279999999927e-01 2.703304670240259250e-02
1.717289449999999940e-01 2.689651343849670459e-02
1.720111619999999952e-01 2.676075467211465331e-02
1.722933789999999965e-01 2.662568600169770358e-02
1.725755949999999983e-01 2.649128115783703358e-02
1.728578119999999996e-01 2.635760271985811490e-02
1.731400290000000008e-01 2.622470723846474783e-02
1.734222460000000021e-01 2.609255445313172356e-02
1.737044630000000034e-01 2.596106799540809362e-02
1.739866800000000047e-01 2.583023241207713094e-02
1.742688960000000065e-01 2.570011843349110509e-02
1.745511130000000077e-01 2.557078359122155753e-02
1.748333300000000090e-01 2.544218498224570801e-02
1.751155470000000103e-01 2.531424541372871359e-02
1.753977640000000116e-01 2.518694185484970927e-02
1.756799810000000128e-01 2.506031994840305852e-02
1.759621969999999869e-01 2.493441823978297806e-02
1.762444139999999881e-01 2.480921471296868713e-02
1.765266309999999894e-01 2.468467176738628824e-02
1.768088479999999907e-01 2.456079202385083940e-02
1.770910649999999920e-01 2.443762460189361635e-02
1.773732819999999932e-01 2.431520183003082342e-02
1.776554979999999950e-01 2.419347142868942535e-02
1.779377149999999963e-01 2.407235917264336986e-02
1.782199319999999976e-01 2.395185835452654302e-02
1.785021489999999988e-01 2.383203016201138752e-02
1.787843660000000001e-01 2.371291806145702299e-02
1.790665830000000014e-01 2.359448396417196392e-02
1.793487990000000032e-01 2.347667308351327961e-02
1.796310160000000045e-01 2.335948646307569460e-02
1.799132330000000057e-01 2.324297955636688701e-02
1.801954500000000070e-01 2.312718580857381703e-02
1.804776670000000083e-01 2.301205657886222847e-02
1.807598840000000096e-01 2.289752920489862911e-02
1.810421000000000114e-01 2.278360659224083068e-02
1.813243170000000126e-01 2.267034519053347241e-02
1.816065339999999861e-01 2.255778165165005580e-02
1.818887509999999874e-01 2.244588194681841273e-02
1.821709679999999887e-01 2.233460068056555142e-02
1.824531849999999900e-01 2.222392439048411286e-02
1.827354009999999918e-01 2.211386420657332139e-02
1.830176179999999930e-01 2.200442807418121274e-02
1.832998349999999943e-01 2.189561788903540349e-02
1.835820519999999956e-01 2.178743398086432914e-02
1.838642689999999968e-01 2.167987743158657568e-02
1.841464859999999981e-01 2.157294981876951151e-02
1.844287029999999994e-01 2.146664633481207285e-02
1.847109190000000012e-01 2.136094678346494788e-02
1.849931360000000025e-01 2.125583080558213558e-02
1.852753530000000037e-01 2.115131565234925487e-02
1.855575700000000050e-01 2.104744051134121996e-02
1.858397870000000063e-01 2.094421743694527618e-02
1.861220040000000076e-01 2.084159790116653019e-02
1.864042200000000093e-01 2.073953074291400370e-02
1.866864370000000106e-01 2.063801221242952261e-02
1.869686540000000119e-01 2.053706645745311671e-02
1.872508710000000132e-01 2.043671473250992243e-02
1.875330879999999867e-01 2.033697272441805509e-02
1.878153049999999880e-01 2.023785316113621904e-02
1.880975209999999898e-01 2.013934990186289076e-02
1.883797379999999910e-01 2.004144612552881052e-02
1.886619549999999923e-01 1.994411828531117079e-02
1.889441719999999936e-01 1.984732879374733958e-02
1.892263889999999948e-01 1.975104686090637177e-02
1.895086059999999961e-01 1.965530191642672619e-02
1.897908219999999979e-01 1.956015003797527060e-02
1.900730389999999992e-01 1.946561303546644195e-02
1.903552560000000005e-01 1.937166037826791240e-02
1.906374730000000017e-01 1.927826026301151727e-02
1.909196900000000030e-01 1.918540582773830411e-02
1.912019070000000043e-01 1.909310013577343243e-02
1.914841230000000061e-01 1.900134582731135766e-02
1.917663400000000073e-01 1.891014345544117167e-02
1.920485570000000086e-01 1.881949388773954818e-02
1.923307740000000099e-01 1.872939436423488868e-02
1.926129910000000112e-01 1.863984101384814906e-02
1.928952080000000124e-01 1.855083244854349375e-02
1.931774239999999865e-01 1.846237081674832053e-02
1.934596409999999878e-01 1.837445505794821701e-02
1.937418579999999890e-01 1.828707240880701745e-02
1.940240749999999903e-01 1.820020572788018029e-02
1.943062919999999916e-01 1.811383626525013210e-02
1.945885089999999928e-01 1.802794339002042334e-02
1.948707249999999946e-01 1.794252187397867709e-02
1.951529419999999959e-01 1.785763431696477457e-02
1.954351589999999972e-01 1.777336014359988045e-02
1.957173759999999985e-01 1.768968956648057922e-02
1.959995929999999997e-01 1.760651887006595834e-02
1.962818100000000010e-01 1.752377188207167660e-02
1.965640260000000028e-01 1.744150143227227862e-02
1.968462430000000041e-01 1.735978792838225454e-02
1.971284600000000053e-01 1.727863098945787990e-02
1.974106770000000066e-01 1.719795207197626422e-02
1.976928940000000079e-01 1.711769588328595701e-02
1.979751110000000092e-01 1.703790124288321467e-02
1.982573270000000110e-01 1.695862607990031301e-02
1.985395440000000122e-01 1.687988885188987029e-02
1.988217610000000135e-01 1.680167561521978686e-02
1.991039779999999870e-01 1.672396785977116329e-02
1.993861949999999883e-01 1.664673690703493900e-02
1.996684119999999896e-01 1.656995392916784174e-02
1.999506289999999908e-01 1.649361837765112374e-02
2.002328449999999926e-01 1.641775191871665956e-02
2.005150619999999939e-01 1.634236917397814681e-02
2.007972789999999952e-01 1.626746627091943051e-02
2.010794959999999965e-01 1.619303592462758776e-02
2.013617129999999977e-01 1.611907411680389007e-02
2.016439299999999990e-01 1.604557912339748399e-02
2.019261460000000008e-01 1.597255274699445338e-02
2.022083630000000021e-01 1.590000416310415055e-02
2.024905800000000033e-01 1.582794217245861099e-02
2.027727970000000046e-01 1.575634804445107118e-02
2.030550140000000059e-01 1.568518593322255211e-02
2.033372310000000072e-01 1.561443701111996270e-02
2.036194470000000090e-01 1.554412181702698702e-02
2.039016640000000102e-01 1.547426363417724569e-02
2.041838810000000115e-01 1.540486796805722904e-02
2.044660980000000128e-01 1.533592953284676312e-02
2.047483149999999863e-01 1.526743790036639604e-02
2.050305319999999876e-01 1.519937245609425010e-02
2.053127479999999894e-01 1.513171562485272036e-02
2.055949649999999906e-01 1.506448376735055467e-02
2.058771819999999919e-01 1.499771135625366410e-02
2.061593989999999932e-01 1.493140737389173425e-02
2.064416159999999945e-01 1.486553456245649080e-02
2.067238329999999957e-01 1.480005602888065548e-02
2.070060489999999975e-01 1.473497494431427399e-02
2.072882659999999988e-01 1.467031184534754208e-02
2.075704830000000001e-01 1.460607809381048346e-02
2.078527000000000013e-01 1.454226850758837987e-02
2.081349170000000026e-01 1.447887696774531607e-02
2.084171340000000039e-01 1.441590118003987543e-02
2.086993500000000057e-01 1.435334059931894952e-02
2.089815670000000070e-01 1.429119212047190793e-02
2.092637840000000082e-01 1.422945050203795227e-02
2.095460010000000095e-01 1.416811048780692618e-02
2.098282180000000108e-01 1.410716937406960442e-02
2.101104350000000121e-01 1.404662534688185839e-02
2.103926510000000139e-01 1.398647504684940798e-02
2.106748679999999874e-01 1.392671213785326781e-02
2.109570849999999886e-01 1.386733353678838883e-02
2.112393019999999899e-01 1.380835046009042111e-02
2.115215189999999912e-01 1.374977822002955950e-02
2.118037359999999925e-01 1.369161142845544410e-02
2.120859519999999943e-01 1.363382008470462488e-02
2.123681689999999955e-01 1.357638072249766140e-02
2.126503859999999968e-01 1.351931049526531280e-02
2.129326029999999981e-01 1.346263724506675113e-02
2.132148199999999993e-01 1.340636986572261470e-02
2.134970370000000006e-01 1.335049675308913955e-02
2.137792530000000024e-01 1.329500339014212315e-02
2.140614700000000037e-01 1.323986605879252237e-02
2.143436870000000050e-01 1.318506065442965128e-02
2.146259040000000062e-01 1.313059030489358708e-02
2.149081210000000075e-01 1.307648491904904453e-02
2.151903380000000088e-01 1.302276707923741284e-02
2.154725540000000106e-01 1.296942858392660311e-02
2.157547710000000118e-01 1.291645414997683906e-02
2.160369880000000131e-01 1.286383991149243379e-02
2.163192049999999866e-01 1.281159137169868290e-02
2.166014219999999879e-01 1.275970691279759879e-02
2.168836389999999892e-01 1.270816060510161598e-02
2.171658559999999905e-01 1.265692381727538500e-02
2.174480719999999923e-01 1.260600346861706807e-02
2.177302889999999935e-01 1.255543404784427962e-02
2.180125059999999948e-01 1.250523914109639284e-02
2.182947229999999961e-01 1.245540661190449108e-02
2.185769399999999973e-01 1.240591850221503187e-02
2.188591569999999986e-01 1.235676498288566967e-02
2.191413730000000004e-01 1.230794222716816502e-02
2.194235900000000017e-01 1.225944720396911561e-02
2.197058070000000030e-01 1.221128048292659252e-02
2.199880240000000042e-01 1.216344346632735295e-02
2.202702410000000055e-01 1.211594352609384438e-02
2.205524580000000068e-01 1.206879182976211030e-02
2.208346740000000086e-01 1.202198449214692162e-02
2.211168910000000098e-01 1.197548165641182036e-02
2.213991080000000111e-01 1.192924492536266527e-02
2.216813250000000124e-01 1.188329631363967999e-02
2.219635420000000137e-01 1.183769283804030070e-02
2.222457589999999872e-01 1.179245987431140792e-02
2.225279749999999890e-01 1.174755624515599894e-02
2.228101919999999903e-01 1.170293608726905195e-02
2.230924089999999915e-01 1.165859041041962703e-02
2.233746259999999928e-01 1.161452915258564048e-02
2.236568429999999941e-01 1.157077085331798504e-02
2.239390599999999953e-01 1.152734980036841141e-02
2.242212759999999971e-01 1.148429382379957328e-02
2.245034929999999984e-01 1.144156546513828282e-02
2.247857099999999997e-01 1.139909785549802872e-02
2.250679270000000010e-01 1.135686200553610511e-02
2.253501440000000022e-01 1.131489303952954925e-02
2.256323610000000035e-01 1.127322937341309131e-02
2.259145770000000053e-01 1.123189010077587854e-02
2.261967940000000066e-01 1.119088526004060474e-02
2.264790110000000078e-01 1.115020027377221223e-02
2.267612280000000091e-01 1.110978261301385876e-02
2.270434450000000104e-01 1.106958754069651586e-02
2.273256620000000117e-01 1.102963663519175574e-02
2.276078780000000135e-01 1.098997585791064088e-02
2.278900949999999870e-01 1.095062344625171401e-02
2.281723119999999883e-01 1.091156083756517937e-02
2.284545289999999895e-01 1.087277065973878305e-02
2.287367459999999908e-01 1.083425703642378231e-02
2.290189629999999921e-01 1.079603085256886259e-02
2.293011789999999939e-01 1.075808828429386868e-02
2.295833959999999951e-01 1.072040687917704370e-02
2.298656129999999964e-01 1.068297022429727516e-02
2.301478299999999977e-01 1.064579400385413932e-02
2.304300469999999990e-01 1.060890259354841866e-02
2.307122640000000002e-01 1.057229488671147279e-02
2.309944800000000020e-01 1.053594167883295692e-02
2.312766970000000033e-01 1.049981876966474444e-02
2.315589140000000046e-01 1.046393142170363305e-02
2.318411310000000058e-01 1.042829220017643839e-02
2.321233480000000071e-01 1.039290734218964625e-02
2.324055650000000084e-01 1.035777675857181730e-02
2.326877820000000097e-01 1.032289961964273466e-02
2.329699980000000115e-01 1.028827346268444687e-02
2.332522150000000127e-01 1.025389555954443060e-02
2.335344319999999863e-01 1.021977347669056346e-02
2.338166489999999875e-01 1.018592361174369167e-02
2.340988659999999888e-01 1.015235063145490842e-02
2.343810829999999901e-01 1.011901879251082825e-02
2.346632989999999919e-01 1.008588640767951218e-02
2.349455159999999931e-01 1.005295055037445408e-02
2.352277329999999944e-01 1.002024048627354544e-02
2.355099499999999957e-01 9.987779927901096685e-03
2.357921669999999970e-01 9.955573591560825178e-03
2.360743839999999982e-01 9.923621732514906896e-03
2.363566000000000000e-01 9.891911735336048755e-03
2.366388170000000013e-01 9.860421130289223277e-03
2.369210340000000026e-01 9.829135853230974718e-03
2.372032510000000038e-01 9.798063808271638073e-03
2.374854680000000051e-01 9.767215721855142599e-03
2.377676850000000064e-01 9.736592516506530764e-03
2.380499010000000082e-01 9.706188745629585127e-03
2.383321180000000095e-01 9.676001457295038688e-03
2.386143350000000107e-01 9.646035008169550826e-03
2.388965520000000120e-01 9.616293348364342297e-03
2.391787690000000133e-01 9.586766675043359789e-03
2.394609859999999868e-01 9.557437061651439386e-03
2.397432019999999886e-01 9.528298223204651959e-03
2.400254189999999899e-01 9.499368407372650591e-03
2.403076359999999911e-01 9.470666770228860706e-03
2.405898529999999924e-01 9.442188696071711351e-03
2.408720699999999937e-01 9.413916971315617818e-03
2.411542869999999950e-01 9.385842660121181819e-03
2.414365029999999968e-01 9.357972994708788420e-03
2.417187199999999980e-01 9.330314775418535947e-03
2.420009369999999993e-01 9.302859480416288476e-03
2.422831540000000006e-01 9.275591049533165461e-03
2.425653710000000018e-01 9.248498687575181648e-03
2.428475880000000031e-01 9.221580734912275187e-03
2.431298040000000049e-01 9.194839805979048916e-03
2.434120210000000062e-01 9.168301375067943945e-03
2.436942380000000075e-01 9.142000609229913866e-03
2.439764550000000087e-01 9.115939427466459785e-03
2.442586720000000100e-01 9.090068386877803858e-03
2.445408890000000113e-01 9.064342236940173617e-03
2.448231050000000131e-01 9.038769483157947995e-03
2.451053219999999866e-01 9.013378665153448654e-03
2.453875389999999879e-01 8.988182354845582547e-03
2.456697559999999891e-01 8.963170333015668331e-03
2.459519729999999904e-01 8.938332420967868425e-03
2.462341899999999917e-01 8.913667969845179978e-03
2.465164059999999935e-01 8.889179661505507146e-03
2.467986229999999948e-01 8.864868818168098949e-03
2.470808399999999960e-01 8.840735636677128292e-03
2.473630569999999973e-01 8.816781392208587753e-03
2.476452739999999986e-01 8.793013509410524745e-03
2.479274909999999998e-01 8.769440569096160695e-03
2.482097080000000011e-01 8.746049950702172032e-03
2.484919240000000029e-01 8.722805070135170383e-03
2.487741410000000042e-01 8.699677870953322761e-03
2.490563580000000055e-01 8.676684442838710626e-03
2.493385750000000067e-01 8.653852425138426271e-03
2.496207920000000080e-01 8.631201682335203768e-03
2.499030090000000093e-01 8.608744120281728793e-03
2.501852250000000111e-01 8.586482020823260966e-03
2.504674419999999846e-01 8.564381242222484508e-03
2.507496590000000136e-01 8.542401028719377384e-03
2.510318759999999871e-01 8.520538802550867152e-03
2.513140930000000162e-01 8.498827330905131885e-03
2.515963099999999897e-01 8.477292210757991775e-03
2.518785259999999915e-01 8.455929846596630522e-03
2.521607430000000205e-01 8.434730158319728513e-03
2.524429599999999940e-01 8.413683955082837396e-03
2.527251770000000231e-01 8.392782521658070580e-03
2.530073939999999966e-01 8.372016728235271918e-03
2.532896110000000256e-01 8.351376121922809287e-03
2.535718270000000274e-01 8.330851932383099775e-03
2.538540440000000009e-01 8.310462086532058659e-03
2.541362609999999744e-01 8.290244940399722068e-03
2.544184780000000035e-01 8.270219328604548614e-03
2.547006949999999770e-01 8.250349548984512935e-03
2.549829120000000060e-01 8.230593250331158170e-03
2.552651280000000078e-01 8.210940364558000013e-03
2.555473449999999813e-01 8.191402446356084444e-03
2.558295620000000103e-01 8.171991037968479032e-03
2.561117789999999839e-01 8.152716058450968847e-03
2.563939960000000129e-01 8.133586436708062015e-03
2.566762129999999864e-01 8.114602929687209434e-03
2.569584289999999882e-01 8.095761353556935394e-03
2.572406460000000172e-01 8.077053295146983947e-03
2.575228629999999908e-01 8.058461883790810770e-03
2.578050800000000198e-01 8.039972034546800581e-03
2.580872969999999933e-01 8.021596885845156538e-03
2.583695140000000223e-01 8.003364958493785000e-03
2.586517300000000241e-01 7.985291791615717685e-03
2.589339469999999976e-01 7.967366828045129024e-03
2.592161640000000267e-01 7.949574867700499176e-03
2.594983810000000002e-01 7.931885601261139465e-03
2.597805979999999737e-01 7.914261717405704846e-03
2.600628150000000027e-01 7.896701669358062795e-03
2.603450310000000045e-01 7.879267090076129409e-03
2.606272479999999780e-01 7.862015062402250010e-03
2.609094650000000071e-01 7.844924430291834797e-03
2.611916819999999806e-01 7.827939769291332797e-03
2.614738990000000096e-01 7.811032862000570620e-03
2.617561159999999831e-01 7.794218865893550764e-03
2.620383319999999849e-01 7.777513457678630893e-03
2.623205490000000140e-01 7.760910401496914912e-03
2.626027659999999875e-01 7.744395416108006830e-03
2.628849830000000165e-01 7.727971855763095081e-03
2.631671999999999900e-01 7.711668371587092341e-03
2.634494170000000191e-01 7.695509849454990406e-03
2.637316330000000208e-01 7.679488797239676125e-03
2.640138499999999944e-01 7.663586120992374982e-03
2.642960670000000234e-01 7.647783329876645109e-03
2.648605010000000259e-01 7.616410247246494652e-03
2.651427179999999995e-01 7.600837203779471640e-03
2.654249349999999730e-01 7.585361075989966589e-03
2.657071509999999748e-01 7.569994115788582743e-03
2.659893680000000038e-01 7.554741952956500403e-03
2.662715849999999773e-01 7.539606017692577350e-03
2.665538020000000063e-01 7.524569768069146528e-03
2.668360189999999799e-01 7.509612371516914166e-03
2.671182360000000089e-01 7.494731125729193685e-03
2.674004520000000107e-01 7.479942382782537279e-03
2.676826689999999842e-01 7.465257397549517927e-03
2.679648860000000132e-01 7.450664345279025061e-03
2.682471029999999867e-01 7.436146172912092012e-03
2.685293200000000158e-01 7.421698446403300620e-03
2.688115369999999893e-01 7.407328669554727983e-03
2.690937529999999911e-01 7.393048705532512775e-03
2.693759700000000201e-01 7.378883855632378461e-03
2.696581869999999936e-01 7.364859493792023405e-03
2.699404040000000227e-01 7.350946734986083843e-03
2.702226209999999962e-01 7.337070428506851753e-03
2.705048380000000252e-01 7.323188431372913525e-03
2.707870540000000270e-01 7.309367284519693170e-03
2.710692710000000005e-01 7.295689169434912448e-03
2.713514879999999740e-01 7.282153386289984785e-03
2.716337050000000031e-01 7.268695273888463489e-03
2.719159219999999766e-01 7.255275312903668519e-03
2.721981390000000056e-01 7.241929191572204529e-03
2.724803550000000074e-01 7.228700800485884405e-03
2.727625719999999809e-01 7.215570258146254516e-03
2.730447890000000100e-01 7.202473737235582513e-03
2.733270059999999835e-01 7.189381448119341878e-03
2.736092230000000125e-01 7.176351295102819869e-03
2.738914399999999860e-01 7.163448073236097953e-03
2.741736559999999878e-01 7.150662706661329616e-03
2.744558730000000168e-01 7.137939885913544176e-03
2.747380899999999904e-01 7.125249539801522224e-03
2.750203070000000194e-01 7.112619456854743852e-03
2.753025239999999929e-01 7.100081653934518788e-03
2.755847410000000219e-01 7.087632638450935309e-03
2.758669570000000237e-01 7.075249066541248674e-03
2.761491739999999973e-01 7.062917773999884304e-03
2.764313910000000263e-01 7.050646915205770367e-03
2.767136079999999998e-01 7.038446067379883209e-03
2.769958249999999733e-01 7.026315687459847720e-03
2.772780420000000023e-01 7.014251674688954004e-03
2.775602580000000041e-01 7.002254619333419042e-03
2.778424749999999777e-01 6.990333444462396191e-03
2.781246920000000067e-01 6.978494341478352556e-03
2.784069089999999802e-01 6.966715418894830342e-03
2.786891260000000092e-01 6.954962484992250650e-03
2.789713429999999827e-01 6.943228737150234156e-03
2.792535589999999845e-01 6.931552004779084793e-03
2.798179929999999871e-01 6.908471793854547433e-03
2.801002100000000161e-01 6.897042493788915936e-03
2.803824269999999896e-01 6.885666780323655006e-03
2.806646440000000187e-01 6.874342887501056452e-03
2.809468609999999922e-01 6.863069512142065155e-03
2.812290769999999940e-01 6.851842761879499942e-03
2.815112940000000230e-01 6.840657902363450442e-03
2.817935109999999965e-01 6.829519541535260252e-03
2.820757280000000256e-01 6.818444408270877069e-03
2.823579449999999991e-01 6.807444655010462704e-03
2.826401619999999726e-01 6.796504410256659461e-03
2.829223779999999744e-01 6.785599440840040485e-03
2.832045950000000034e-01 6.774726297844572802e-03
2.834868119999999769e-01 6.763906507566622497e-03
2.837690290000000060e-01 6.753156974692077659e-03
2.840512459999999795e-01 6.742466843205237315e-03
2.843334630000000085e-01 6.731817677837720164e-03
2.846156790000000103e-01 6.721201613302136071e-03
2.848978959999999838e-01 6.710621975100818613e-03
2.851801130000000128e-01 6.700085608140633059e-03
2.854623299999999864e-01 6.689610977298093494e-03
2.857445470000000154e-01 6.679218104393831908e-03
2.860267639999999889e-01 6.668896084988868052e-03
2.863089799999999907e-01 6.658604095563471457e-03
2.868734139999999933e-01 6.638045424625887807e-03
2.871556310000000223e-01 6.627830777491407546e-03
2.874378479999999958e-01 6.617681862647958532e-03
2.877200650000000248e-01 6.607594438931913873e-03
2.880022810000000266e-01 6.597560425616389931e-03
2.882844980000000001e-01 6.587560896396302788e-03
2.885667149999999737e-01 6.577576740153561613e-03
2.888489320000000027e-01 6.567617932966628852e-03
2.891311489999999762e-01 6.557717405691809373e-03
2.894133660000000052e-01 6.547893693023549080e-03
2.896955820000000070e-01 6.538122071270436979e-03
2.899777989999999805e-01 6.528371788216329706e-03
2.902600160000000096e-01 6.518636549320265018e-03
2.905422329999999831e-01 6.508927338493034238e-03
2.908244500000000121e-01 6.499252975819751893e-03
2.911066669999999856e-01 6.489615760941566495e-03
2.916711000000000165e-01 6.470463456687594074e-03
2.922355340000000190e-01 6.451513725748403948e-03
2.925177509999999925e-01 6.442095267821110888e-03
2.927999680000000216e-01 6.432685162722993552e-03
2.930821840000000233e-01 6.423290325389883343e-03
2.933644009999999969e-01 6.413934114660257459e-03
2.936466180000000259e-01 6.404627949477059018e-03
2.939288349999999994e-01 6.395357972364590707e-03
2.942110519999999729e-01 6.386109316324486626e-03
2.947754850000000038e-01 6.367699957191137218e-03
2.950577019999999773e-01 6.358562993067497053e-03
2.953399190000000063e-01 6.349480540414124269e-03
2.956221359999999798e-01 6.340454781672156398e-03
2.961865699999999824e-01 6.322475396599754917e-03
2.964687870000000114e-01 6.313479860203410551e-03
2.967510030000000132e-01 6.304506907968204614e-03
2.970332199999999867e-01 6.295584033478039687e-03
2.973154370000000157e-01 6.286700298025962516e-03
2.975976539999999892e-01 6.277829127242606604e-03
2.978798710000000183e-01 6.268967200478192496e-03
2.981620879999999918e-01 6.260146116501734762e-03
2.984443039999999936e-01 6.251391948494573053e-03
2.987265210000000226e-01 6.242680052083818612e-03
2.992909550000000252e-01 6.225241619099878415e-03
2.995731719999999987e-01 6.216527893248201438e-03
2.998553890000000277e-01 6.207852956612839104e-03
3.001376049999999740e-01 6.199229227799962598e-03
3.007020389999999765e-01 6.182148774559265841e-03
3.009842560000000056e-01 6.173656468831630224e-03
3.015486900000000081e-01 6.156671223380344449e-03
3.018309060000000099e-01 6.148187137440761299e-03
3.021131229999999834e-01 6.139719705176677547e-03
3.023953400000000125e-01 6.131277702804928051e-03
3.029597740000000150e-01 6.114507580128332453e-03
3.032419909999999885e-01 6.106199509550570663e-03
3.035242069999999903e-01 6.097932398976074753e-03
3.038064240000000193e-01 6.089669454154201036e-03
3.040886409999999929e-01 6.081386866856573759e-03
3.046530749999999954e-01 6.064885270153066478e-03
3.049352920000000244e-01 6.056709048170416838e-03
3.052175080000000262e-01 6.048558070366202334e-03
3.054997249999999998e-01 6.040411053766720113e-03
3.057819419999999733e-01 6.032266148773763811e-03
3.069108090000000066e-01 5.999837029295447197e-03
3.074752430000000092e-01 5.983841979527725584e-03
3.077574599999999827e-01 5.975895066276434159e-03
3.083218939999999852e-01 5.959990705397404630e-03
3.086041099999999870e-01 5.952040527470371656e-03
3.088863270000000161e-01 5.944124087036458184e-03
3.094507610000000186e-01 5.928384456697622512e-03
3.097329779999999921e-01 5.920538433210204184e-03
3.100151950000000212e-01 5.912706594442418244e-03
3.102974110000000230e-01 5.904892265354535347e-03
3.105796279999999965e-01 5.897102149742676144e-03
3.108618450000000255e-01 5.889345039505700617e-03
3.111440619999999990e-01 5.881623018999119872e-03
3.114262789999999725e-01 5.873923989798609906e-03
3.117084960000000016e-01 5.866234516461752389e-03
3.122729289999999769e-01 5.850849737760683254e-03
3.128373629999999794e-01 5.835482587659874230e-03
3.134017969999999820e-01 5.820284872906027196e-03
3.136840140000000110e-01 5.812709072909380895e-03
3.142484469999999863e-01 5.797552109101136199e-03
3.145306640000000153e-01 5.790014069801429838e-03
3.148128809999999889e-01 5.782505497529291487e-03
3.150950980000000179e-01 5.775010768208062827e-03
3.153773149999999914e-01 5.767522562126930694e-03
3.156595309999999932e-01 5.760046396141462084e-03
3.159417480000000222e-01 5.752588297470436624e-03
3.162239649999999958e-01 5.745151297764740372e-03
3.165061820000000248e-01 5.737737158794576145e-03
3.167883989999999983e-01 5.730344505300575750e-03
3.170706160000000273e-01 5.722967627075217951e-03
3.173528319999999736e-01 5.715601287400484329e-03
3.179172659999999762e-01 5.700897257337657169e-03
3.181994830000000052e-01 5.693561285463975136e-03
3.184816999999999787e-01 5.686238916015597285e-03
3.187639170000000077e-01 5.678934315719860910e-03
3.190461330000000095e-01 5.671659571339380222e-03
3.193283499999999830e-01 5.664428311300486255e-03
3.196105670000000121e-01 5.657231945229344861e-03
3.198927839999999856e-01 5.650036769824306505e-03
3.201750010000000146e-01 5.642818304585034243e-03
3.204572179999999881e-01 5.635597670854374658e-03
3.207394339999999899e-01 5.628407454208968382e-03
3.210216510000000190e-01 5.621259624188933157e-03
3.213038679999999925e-01 5.614145368655781322e-03
3.218683019999999950e-01 5.599958691402040153e-03
3.221505190000000241e-01 5.592841556006534522e-03
3.224327350000000258e-01 5.585710104497803447e-03
3.229971689999999729e-01 5.571545297928003244e-03
3.232793860000000019e-01 5.564520751879947942e-03
3.238438200000000045e-01 5.550491654620669582e-03
3.241260360000000063e-01 5.543504478365155960e-03
3.244082529999999798e-01 5.536551346371474704e-03
3.246904700000000088e-01 5.529612434177764643e-03
3.249726869999999823e-01 5.522664403733720979e-03
3.252549040000000113e-01 5.515713708354497667e-03
3.258193369999999867e-01 5.501905398078044129e-03
3.261015540000000157e-01 5.495039705404959444e-03
3.263837709999999892e-01 5.488165086808076062e-03
3.266659880000000182e-01 5.481287786480461104e-03
3.269482049999999917e-01 5.474436262154070212e-03
3.272304220000000208e-01 5.467625268002805974e-03
3.275126380000000226e-01 5.460835385015364897e-03
3.277948549999999961e-01 5.454044237380941199e-03
3.280770720000000251e-01 5.447252921726898449e-03
3.283592889999999986e-01 5.440476637887863703e-03
3.286415060000000277e-01 5.433723999608042719e-03
3.289237230000000012e-01 5.426988908010237957e-03
3.292059399999999747e-01 5.420264668750391160e-03
3.294881559999999765e-01 5.413557016325061359e-03
