# q  I_recon
3.245493999999999810e-03 9.956168108203686806e-01
3.527709999999999874e-03 9.948240125775287268e-01
3.809926999999999845e-03 9.939660764447886265e-01
4.092143999999999816e-03 9.930431962958461423e-01
4.374361000000000221e-03 9.920555652948002123e-01
4.656577999999999759e-03 9.910034407552406055e-01
4.938795000000000164e-03 9.898871270946997258e-01
5.221011000000000228e-03 9.887069272999016167e-01
5.503227999999999766e-03 9.874631135397798909e-01
5.785445000000000171e-03 9.861559720033378218e-01
6.067661999999999708e-03 9.847858399274249663e-01
6.349879000000000114e-03 9.833530909809893306e-01
6.632095999999999651e-03 9.818580860339377603e-01
6.914311999999999715e-03 9.803011595418673618e-01
7.196529000000000120e-03 9.786826335414425815e-01
7.478745999999999658e-03 9.770029396752746287e-01
7.760963000000000063e-03 9.752625595164722272e-01
8.043180000000000468e-03 9.734619467988975261e-01
8.325397000000000006e-03 9.716014942855415448e-01
8.607613999999999543e-03 9.696815977644447360e-01
8.889829999999999607e-03 9.677027593171295683e-01
9.172046999999999145e-03 9.656655127081424927e-01
9.454264000000000417e-03 9.635703799528616553e-01
9.736480999999999955e-03 9.614178126357801890e-01
1.001869799999999949e-02 9.592082669865839017e-01
1.030091500000000077e-02 9.569422939482922219e-01
1.058313100000000083e-02 9.546204980452106525e-01
1.086534800000000037e-02 9.522434375801954731e-01
1.114756499999999990e-02 9.498116580618398697e-01
1.142978199999999944e-02 9.473257052842889436e-01
1.171199900000000071e-02 9.447862105278640454e-01
1.199421600000000025e-02 9.421938408146759425e-01
1.227643200000000032e-02 9.395492086088760297e-01
1.255864899999999985e-02 9.368527988480709334e-01
1.284086599999999939e-02 9.341051462838388941e-01
1.312308300000000066e-02 9.313069656461536727e-01
1.340530000000000020e-02 9.284590425728365126e-01
1.368751699999999974e-02 9.255620720844927041e-01
1.396973299999999980e-02 9.226166331441644219e-01
1.425194999999999934e-02 9.196232907793920885e-01
1.453416700000000061e-02 9.165827897375278255e-01
1.481638400000000015e-02 9.134959131843177760e-01
1.509860099999999969e-02 9.103633620424000927e-01
1.538081799999999923e-02 9.071857337631727969e-01
1.566303399999999929e-02 9.039636632378563741e-01
1.594525100000000056e-02 9.006979106445693883e-01
1.622746799999999837e-02 8.973893165241456638e-01
1.650968499999999964e-02 8.940386313500228166e-01
1.679190200000000091e-02 8.906465162653210976e-01
1.707411899999999871e-02 8.872136542799048398e-01
1.735633500000000051e-02 8.837408571480391828e-01
1.763855199999999832e-02 8.802289276439718702e-01
1.792076899999999959e-02 8.766786166431824734e-01
1.820298600000000086e-02 8.730905719158529310e-01
1.848520299999999866e-02 8.694654762270371817e-01
1.876741999999999994e-02 8.658041639177026516e-01
1.904963600000000173e-02 8.621075148768311269e-01
1.933185299999999954e-02 8.583762830250868392e-01
1.961407000000000081e-02 8.546111814822011654e-01
1.989628699999999861e-02 8.508129491145060008e-01
2.017850399999999988e-02 8.469824687819093034e-01
2.046072100000000116e-02 8.431206428585527046e-01
2.074293799999999896e-02 8.392281793950708835e-01
2.102515400000000076e-02 8.353056383864537748e-01
2.130737099999999856e-02 8.313536332091228109e-01
2.158958799999999983e-02 8.273731259252499193e-01
2.187180500000000111e-02 8.233651117528992813e-01
2.215402199999999891e-02 8.193304171252333568e-01
2.243623900000000018e-02 8.152697415512413226e-01
2.271845499999999851e-02 8.111838235121754392e-01
2.300067199999999978e-02 8.070734333750252398e-01
2.328288900000000106e-02 8.029393923014470635e-01
2.356510599999999886e-02 7.987824401985018641e-01
2.384732300000000013e-02 7.946032718326385691e-01
2.412954000000000140e-02 7.904026353553110784e-01
2.441175599999999973e-02 7.861814264994193557e-01
2.469397300000000101e-02 7.819405023016113843e-01
2.497618999999999881e-02 7.776806171060340889e-01
2.525840700000000008e-02 7.734024206175085236e-01
2.554062400000000135e-02 7.691066274616606968e-01
2.582284099999999916e-02 7.647940971330077220e-01
2.610505700000000096e-02 7.604657076208395372e-01
2.638727399999999876e-02 7.561221398326204435e-01
2.666949100000000003e-02 7.517640382799213317e-01
2.695170800000000130e-02 7.473920976479977440e-01
2.723392499999999911e-02 7.430071428005681211e-01
2.751614200000000038e-02 7.386100009759510865e-01
2.779835799999999871e-02 7.342014095941383767e-01
2.808057499999999998e-02 7.297820077760432955e-01
2.836279200000000125e-02 7.253525303031713722e-01
2.864500899999999906e-02 7.209137830502169164e-01
2.892722600000000033e-02 7.164665563947927307e-01
2.920944300000000160e-02 7.120114638557538678e-01
2.949165899999999993e-02 7.075490585000481225e-01
2.977387600000000120e-02 7.030799641183479443e-01
3.005609299999999900e-02 6.986050398795159433e-01
3.033831000000000028e-02 6.941251175741541823e-01
3.062052700000000155e-02 6.896408475788120551e-01
3.090274399999999935e-02 6.851528097061304612e-01
3.118496000000000115e-02 6.806616548919969256e-01
3.146717699999999895e-02 6.761680654271169377e-01
3.174939400000000023e-02 6.716727589879818439e-01
3.203161100000000150e-02 6.671763325765805996e-01
3.231382800000000277e-02 6.626793481313992817e-01
3.259604499999999710e-02 6.581824404463746392e-01
3.287826099999999890e-02 6.536863541137046818e-01
3.316047800000000018e-02 6.491917642338379535e-01
3.344269500000000145e-02 6.446992530383947040e-01
3.372491200000000272e-02 6.402093449925203572e-01
3.400712899999999705e-02 6.357226385517226186e-01
3.428934599999999833e-02 6.312398181425095123e-01
3.457156200000000013e-02 6.267615485194307778e-01
3.485377900000000140e-02 6.222882660330880666e-01
3.513599600000000267e-02 6.178204094804269353e-01
3.541821299999999700e-02 6.133585383473678654e-01
3.570042999999999828e-02 6.089033552974050245e-01
3.598264699999999955e-02 6.044555195098072486e-01
3.626486400000000082e-02 6.000154900724158358e-01
3.654708000000000262e-02 5.955836978740405296e-01
3.682929699999999695e-02 5.911606499691564043e-01
3.711151399999999823e-02 5.867470171770436949e-01
3.739373099999999950e-02 5.823433918861248282e-01
3.767594800000000077e-02 5.779501282639000204e-01
3.795816500000000204e-02 5.735675375971718282e-01
3.824038099999999690e-02 5.691961191096008843e-01
3.852259799999999818e-02 5.648364728390244949e-01
3.880481499999999945e-02 5.604891952248186593e-01
3.908703200000000072e-02 5.561546944819634186e-01
3.936924900000000199e-02 5.518333488964781708e-01
3.965146600000000326e-02 5.475255966595743429e-01
3.993368199999999812e-02 5.432319372586388306e-01
4.021589899999999940e-02 5.389527909323832411e-01
4.049811600000000067e-02 5.346885258004213659e-01
4.078033300000000194e-02 5.304394840802831856e-01
4.106255000000000321e-02 5.262060900900438210e-01
4.134476699999999755e-02 5.219888250113787764e-01
4.162698299999999935e-02 5.177881268012524130e-01
4.190920000000000062e-02 5.136042402353921954e-01
4.219141700000000189e-02 5.094374442453887264e-01
4.247363400000000316e-02 5.052881409692244752e-01
4.275585099999999750e-02 5.011568185764727623e-01
4.303806799999999877e-02 4.970438888887930284e-01
4.332028400000000057e-02 4.929496038863989127e-01
4.360250100000000184e-02 4.888741579938858384e-01
4.388471800000000311e-02 4.848178832315105935e-01
4.416693499999999745e-02 4.807811497369736675e-01
4.444915199999999872e-02 4.767642939207460406e-01
4.473136899999999999e-02 4.727675831475933732e-01
4.501358500000000179e-02 4.687912990106866129e-01
4.529580200000000306e-02 4.648357527952665103e-01
4.557801899999999740e-02 4.609013331514192902e-01
4.586023599999999867e-02 4.569882933145480441e-01
4.614245299999999994e-02 4.530966668790461505e-01
4.642467000000000121e-02 4.492265046361268443e-01
4.670688600000000301e-02 4.453781724101175676e-01
4.698910299999999735e-02 4.415521295067192376e-01
4.727131999999999862e-02 4.377487236679165061e-01
4.755353699999999989e-02 4.339680400537459515e-01
4.783575400000000116e-02 4.302101593962205373e-01
4.811797100000000244e-02 4.264752838500845411e-01
4.840018699999999729e-02 4.227636768368959741e-01
4.868240399999999857e-02 4.190755061789307456e-01
4.896462099999999984e-02 4.154108967858540780e-01
4.924683800000000111e-02 4.117699711094904291e-01
4.952905500000000238e-02 4.081529526312340783e-01
4.981127199999999672e-02 4.045600991105895994e-01
5.009348799999999852e-02 4.009915873019090360e-01
5.037570499999999979e-02 3.974474325579040457e-01
5.065792200000000106e-02 3.939277076830315361e-01
5.094013900000000233e-02 3.904326175298675761e-01
5.122235599999999667e-02 3.869624097212822633e-01
5.150457299999999794e-02 3.835172035852611461e-01
5.178678999999999921e-02 3.800969658109555893e-01
5.206900600000000101e-02 3.767017014787898410e-01
5.235122300000000228e-02 3.733315421657258382e-01
5.263343999999999662e-02 3.699866984111953028e-01
5.291565699999999789e-02 3.666672658412773456e-01
5.319787399999999916e-02 3.633732296833747655e-01
5.348009100000000043e-02 3.601046015156567637e-01
5.376230700000000223e-02 3.568615344129554279e-01
5.404452399999999657e-02 3.536441733599841042e-01
5.432674099999999784e-02 3.504525474686724373e-01
5.460895799999999911e-02 3.472865285970235805e-01
5.489117500000000038e-02 3.441460409379311081e-01
5.517339200000000166e-02 3.410312207847909782e-01
5.545560800000000345e-02 3.379422577149260309e-01
5.573782499999999779e-02 3.348792021304534128e-01
5.602004199999999906e-02 3.318420442831481187e-01
5.630225900000000033e-02 3.288307534861645287e-01
5.658447600000000161e-02 3.258452770106631258e-01
5.686669300000000288e-02 3.228855601307804579e-01
5.714890899999999774e-02 3.199515965748008783e-01
5.743112599999999901e-02 3.170433789925110046e-01
5.771334300000000028e-02 3.141609347326478896e-01
5.799556000000000155e-02 3.113042883379312786e-01
5.827777700000000283e-02 3.084734578393791282e-01
5.855999399999999716e-02 3.056683562847271052e-01
5.884220999999999896e-02 3.028888319906002380e-01
5.912442700000000023e-02 3.001347672001558053e-01
5.940664400000000150e-02 2.974062411219160484e-01
5.968886100000000278e-02 2.947033343424006469e-01
5.997107799999999711e-02 2.920259513404431240e-01
6.025329499999999838e-02 2.893738840678871105e-01
6.053551100000000018e-02 2.867470111583059200e-01
6.081772800000000145e-02 2.841453658481736255e-01
6.109994500000000273e-02 2.815690152307823713e-01
6.138216199999999706e-02 2.790178195871340638e-01
6.166437899999999833e-02 2.764915261363834476e-01
6.194659599999999960e-02 2.739900008952577681e-01
6.222881200000000140e-02 2.715133665200194502e-01
6.251102899999999574e-02 2.690617088467932572e-01
6.279324599999999701e-02 2.666347791694269609e-01
6.307546299999999828e-02 2.642321351389118611e-01
6.335767999999999955e-02 2.618535540291352937e-01
6.363989700000000083e-02 2.594992227469370416e-01
6.392211300000000263e-02 2.571693327372149840e-01
6.420433000000000390e-02 2.548636803143523588e-01
6.448654700000000517e-02 2.525819163652207044e-01
6.476876400000000644e-02 2.503238226027174052e-01
6.505098099999999384e-02 2.480894139517749730e-01
6.533319799999999511e-02 2.458786999799065232e-01
6.561541399999999691e-02 2.436915115601841486e-01
6.589763099999999818e-02 2.415275800450735200e-01
6.617984799999999945e-02 2.393867290764071787e-01
6.646206500000000073e-02 2.372688782977345201e-01
6.674428200000000200e-02 2.351739440620423949e-01
6.702649900000000327e-02 2.331017716810068197e-01
6.730871600000000454e-02 2.310521806540634937e-01
6.759093200000000634e-02 2.290250235580905680e-01
6.787314899999999374e-02 2.270201665475633235e-01
6.815536599999999501e-02 2.250374886544548314e-01
6.843758299999999628e-02 2.230768020241314653e-01
6.871979999999999755e-02 2.211379003787463104e-01
6.900201699999999883e-02 2.192206238114074723e-01
6.928423300000000062e-02 2.173248755948138655e-01
6.956645000000000190e-02 2.154505217497008074e-01
6.984866700000000317e-02 2.135973512161504217e-01
7.013088400000000444e-02 2.117651200702804215e-01
7.041310100000000571e-02 2.099536565736294935e-01
7.069531799999999311e-02 2.081628683358525689e-01
7.097753399999999491e-02 2.063926450987678685e-01
7.125975099999999618e-02 2.046427393900432379e-01
7.154196799999999745e-02 2.029128954752187908e-01
7.182418499999999872e-02 2.012029420828268522e-01
7.210640200000000000e-02 1.995127979948188024e-01
7.238861900000000127e-02 1.978423538442484753e-01
7.267083500000000307e-02 1.961913864644219962e-01
7.295305200000000434e-02 1.945596312261733962e-01
7.323526900000000561e-02 1.929469168724265438e-01
7.351748600000000688e-02 1.913531341181100298e-01
7.379970299999999428e-02 1.897781435736371480e-01
7.408191999999999555e-02 1.882216978155970277e-01
7.436413599999999735e-02 1.866835387227930299e-01
7.464635299999999862e-02 1.851634933822273454e-01
7.492856999999999990e-02 1.836614872471910576e-01
7.521078700000000117e-02 1.821773869659605305e-01
7.549300400000000244e-02 1.807108943706639270e-01
7.577522100000000371e-02 1.792616946680821166e-01
7.605743700000000551e-02 1.778296675090030587e-01
7.633965400000000678e-02 1.764148151379134610e-01
7.662187099999999418e-02 1.750170475775330581e-01
7.690408799999999545e-02 1.736359775592992150e-01
7.718630499999999672e-02 1.722711940639999606e-01
7.746852199999999800e-02 1.709225710848472912e-01
7.775073799999999979e-02 1.695901739934900510e-01
7.803295500000000107e-02 1.682739403980802184e-01
7.831517200000000234e-02 1.669735460149246176e-01
7.859738900000000361e-02 1.656886406836437509e-01
7.887960600000000488e-02 1.644190678675039041e-01
7.916182300000000616e-02 1.631647849629517533e-01
7.944403899999999408e-02 1.619256756974292999e-01
7.972625599999999535e-02 1.607014424325053925e-01
8.000847299999999662e-02 1.594917938030253612e-01
8.029068999999999789e-02 1.582965648950452886e-01
8.057290699999999917e-02 1.571156599617993810e-01
8.085512400000000044e-02 1.559489464027495331e-01
8.113734000000000224e-02 1.547962245031523076e-01
8.141955700000000351e-02 1.536572797431292603e-01
8.170177400000000478e-02 1.525319525454575942e-01
8.198399100000000606e-02 1.514200992067871732e-01
8.226620799999999345e-02 1.503215484042191852e-01
8.254842499999999472e-02 1.492360814818527170e-01
8.283064099999999652e-02 1.481634869389246156e-01
8.311285799999999779e-02 1.471035978557668489e-01
8.339507499999999907e-02 1.460562823880669492e-01
8.367729200000000034e-02 1.450213908109787286e-01
8.395950900000000161e-02 1.439987516792735622e-01
8.424172600000000288e-02 1.429881922266310612e-01
8.452394300000000416e-02 1.419895429226986361e-01
8.480615900000000595e-02 1.410026387665301306e-01
8.508837599999999335e-02 1.400272960900332542e-01
8.537059299999999462e-02 1.390633303933517251e-01
8.565280999999999589e-02 1.381105639930047257e-01
8.593502699999999717e-02 1.371688803788407018e-01
8.621724399999999844e-02 1.362381823909435130e-01
8.649946000000000024e-02 1.353183230934028314e-01
8.678167700000000151e-02 1.344090796378445696e-01
8.706389400000000278e-02 1.335102488443997981e-01
8.734611100000000405e-02 1.326216924644925133e-01
8.762832800000000533e-02 1.317432921203814666e-01
8.791054500000000660e-02 1.308749055448518717e-01
8.819276099999999452e-02 1.300163666032278786e-01
8.847497799999999579e-02 1.291675046823333173e-01
8.875719499999999706e-02 1.283281845080177508e-01
8.903941199999999834e-02 1.274982744817636515e-01
8.932162899999999961e-02 1.266776350239731397e-01
8.960384600000000088e-02 1.258661184477589956e-01
8.988606200000000268e-02 1.250635879726181288e-01
9.016827900000000395e-02 1.242699307149391641e-01
9.045049600000000523e-02 1.234850470158894292e-01
9.073271300000000650e-02 1.227087730683692063e-01
9.101492999999999389e-02 1.219408888760871862e-01
9.129714699999999516e-02 1.211812033274172057e-01
9.157936299999999696e-02 1.204296336860380540e-01
9.186157999999999824e-02 1.196861096819798742e-01
9.214379699999999951e-02 1.189505338410789814e-01
9.242601400000000078e-02 1.182227768796544065e-01
9.270823100000000205e-02 1.175027041131738448e-01
9.299044800000000333e-02 1.167901671013430870e-01
9.327266400000000512e-02 1.160850197836890557e-01
9.355488100000000640e-02 1.153871443105332767e-01
9.383709799999999379e-02 1.146964569519042382e-01
9.411931499999999506e-02 1.140128570970483229e-01
9.440153199999999634e-02 1.133362034399915813e-01
9.468374899999999761e-02 1.126663500194873269e-01
9.496596499999999941e-02 1.120031799955948926e-01
9.524818200000000068e-02 1.113465875471321836e-01
9.553039900000000195e-02 1.106964884043375591e-01
9.581261600000000322e-02 1.100528302374035039e-01
9.609483300000000450e-02 1.094155555898557453e-01
9.637705000000000577e-02 1.087844978544886543e-01
9.665926599999999369e-02 1.081594269253608603e-01
9.694148299999999496e-02 1.075401768308568706e-01
9.722369999999999624e-02 1.069267437907844426e-01
9.750591699999999751e-02 1.063191320480074836e-01
9.778813399999999878e-02 1.057172514277680414e-01
9.807035100000000005e-02 1.051209605476039477e-01
9.835256700000000185e-02 1.045301430022518019e-01
9.863478400000000312e-02 1.039447216688438314e-01
9.891700100000000440e-02 1.033646281956461244e-01
9.919921800000000567e-02 1.027897695215165969e-01
9.948143499999999306e-02 1.022200414652223999e-01
9.976365199999999434e-02 1.016553336757207576e-01
1.000458679999999961e-01 1.010955271213914292e-01
1.003280849999999974e-01 1.005405081766384268e-01
1.006103019999999987e-01 9.999025860498927942e-02
1.008925190000000000e-01 9.944479615547663354e-02
1.011747360000000012e-01 9.890406419665973003e-02
1.014569530000000025e-01 9.836788883742701717e-02
1.017391690000000043e-01 9.783610540652343257e-02
1.020213860000000056e-01 9.730865573316696548e-02
1.023036030000000068e-01 9.678553078064429382e-02
1.025858199999999942e-01 9.626669746307613129e-02
1.028680369999999955e-01 9.575209115513669267e-02
1.031502539999999968e-01 9.524163525583895229e-02
1.034324699999999986e-01 9.473520098191701155e-02
1.037146869999999999e-01 9.423263797875983117e-02
1.039969040000000011e-01 9.373390179911950115e-02
1.042791210000000024e-01 9.323907462307612359e-02
1.045613380000000037e-01 9.274820261386887421e-02
1.048435550000000049e-01 9.226111012057848504e-02
1.051257720000000062e-01 9.177755662872681686e-02
1.054079879999999941e-01 9.129743250120127274e-02
1.056902049999999954e-01 9.082077190444863557e-02
1.059724219999999967e-01 9.034760993278311003e-02
1.062546389999999980e-01 8.987792477564540694e-02
1.065368559999999992e-01 8.941167769474736571e-02
1.068190730000000005e-01 8.894879001003348773e-02
1.071012890000000023e-01 8.848914312198312426e-02
1.073835060000000036e-01 8.803263439993495865e-02
1.076657230000000048e-01 8.757925600698966695e-02
1.079479400000000061e-01 8.712901823136462442e-02
1.082301569999999935e-01 8.668188175298459364e-02
1.085123739999999948e-01 8.623776068055367949e-02
1.087945899999999966e-01 8.579657959220755858e-02
1.090768069999999978e-01 8.535829596400264230e-02
1.093590239999999991e-01 8.492288025275868124e-02
1.096412410000000004e-01 8.449030220584696771e-02
1.099234580000000017e-01 8.406053229461508958e-02
1.102056750000000029e-01 8.363353264686378130e-02
1.104878910000000047e-01 8.320924076588150087e-02
1.107701080000000060e-01 8.278758648296399847e-02
1.110523249999999934e-01 8.236853252889317356e-02
1.113345419999999947e-01 8.195206181517936117e-02
1.116167589999999959e-01 8.153815495158854565e-02
1.118989759999999972e-01 8.112678461236354222e-02
1.121811919999999990e-01 8.071792323501821020e-02
1.124634090000000003e-01 8.031153495358263339e-02
1.127456260000000016e-01 7.990758547904006082e-02
1.130278430000000028e-01 7.950602270492944379e-02
1.133100600000000041e-01 7.910675396995431319e-02
1.135922770000000054e-01 7.870969002215069676e-02
1.138744929999999933e-01 7.831484894398234309e-02
1.141567099999999946e-01 7.792231007538924503e-02
1.144389269999999958e-01 7.753210132661694787e-02
1.147211439999999971e-01 7.714412322485651730e-02
1.150033609999999984e-01 7.675826717523709375e-02
1.152855779999999997e-01 7.637450026357438249e-02
1.155677940000000015e-01 7.599283310694748828e-02
1.158500110000000027e-01 7.561326671355111939e-02
1.161322280000000040e-01 7.523579415302265871e-02
1.164144450000000053e-01 7.486040039605476593e-02
1.166966620000000066e-01 7.448702561323294891e-02
1.169788789999999939e-01 7.411558808981258406e-02
1.172610949999999957e-01 7.374605915611304185e-02
1.175433119999999970e-01 7.337849922510732148e-02
1.178255289999999983e-01 7.301296630989043135e-02
1.181077459999999996e-01 7.264939850520568676e-02
1.183899630000000008e-01 7.228768125152616741e-02
1.186721800000000021e-01 7.192774211554762986e-02
1.189543960000000039e-01 7.156957823011038389e-02
1.192366130000000052e-01 7.121319264734768395e-02
1.195188300000000065e-01 7.085861534015046315e-02
1.198010469999999938e-01 7.050588350421201078e-02
1.200832639999999951e-01 7.015499404128654193e-02
1.203654809999999964e-01 6.980588533782564054e-02
1.206476979999999977e-01 6.945849493030586963e-02
1.209299139999999995e-01 6.911278327011022293e-02
1.212121310000000007e-01 6.876871583391330756e-02
1.214943480000000020e-01 6.842629758026456954e-02
1.217765650000000033e-01 6.808557906621490186e-02
1.220587820000000046e-01 6.774659493751417072e-02
1.223409990000000058e-01 6.740928186286941626e-02
1.226232149999999937e-01 6.707354834630392670e-02
1.229054319999999950e-01 6.673936320135293032e-02
1.231876489999999963e-01 6.640677420854461388e-02
1.234698659999999976e-01 6.607581580161935031e-02
1.237520829999999988e-01 6.574644716358812868e-02
1.240343000000000001e-01 6.541860762693760267e-02
1.243165160000000019e-01 6.509227889634469633e-02
1.245987330000000032e-01 6.476748310837728007e-02
1.248809500000000045e-01 6.444424260722349251e-02
1.251631669999999918e-01 6.412255670104544114e-02
1.254453839999999931e-01 6.380241772250233590e-02
1.257276009999999944e-01 6.348378729621201311e-02
1.260098169999999962e-01 6.316659865110146876e-02
1.262920339999999975e-01 6.285080361476137745e-02
1.265742509999999987e-01 6.253644086660170576e-02
1.268564680000000000e-01 6.222356354420043034e-02
1.271386850000000013e-01 6.191216678423442504e-02
1.274209020000000026e-01 6.160219541115362352e-02
1.277031180000000044e-01 6.129361085615756682e-02
1.279853350000000056e-01 6.098642638258574417e-02
1.282675520000000069e-01 6.068066797086541647e-02
1.285497690000000082e-01 6.037633610283647811e-02
1.288319860000000094e-01 6.007341215716043709e-02
1.291142030000000107e-01 5.977187317064434902e-02
1.293964190000000125e-01 5.947168628968425852e-02
1.296786360000000138e-01 5.917281686087123155e-02
1.299608529999999873e-01 5.887527731603812986e-02
1.302430699999999886e-01 5.857910994229977714e-02
1.305252869999999898e-01 5.828433615584428795e-02
1.308075039999999911e-01 5.799092246052869881e-02
1.310897199999999929e-01 5.769882979870290252e-02
1.313719369999999942e-01 5.740803922330325881e-02
1.316541539999999955e-01 5.711854967276738804e-02
1.319363709999999967e-01 5.683036490384153760e-02
1.322185879999999980e-01 5.654350149999853165e-02
1.325008049999999993e-01 5.625797364842693299e-02
1.327830210000000011e-01 5.597375510870668258e-02
1.330652380000000023e-01 5.569079306288216014e-02
1.333474550000000036e-01 5.540905720664339451e-02
1.336296720000000049e-01 5.512855666628301010e-02
1.339118890000000062e-01 5.484930818554413501e-02
1.341941060000000074e-01 5.457135170418400683e-02
1.344763220000000092e-01 5.429473945140190355e-02
1.347585390000000105e-01 5.401946046814112140e-02
1.350407560000000118e-01 5.374539590738881129e-02
1.353229730000000131e-01 5.347243541747861290e-02
1.356051899999999866e-01 5.320063167802414894e-02
1.358874069999999878e-01 5.293011141224977789e-02
1.361696239999999891e-01 5.266092408313950701e-02
1.364518399999999909e-01 5.239299186066857794e-02
1.367340569999999922e-01 5.212623289633171175e-02
1.370162739999999935e-01 5.186064111271427440e-02
1.372984909999999947e-01 5.159623956943572287e-02
1.375807079999999960e-01 5.133305155337523212e-02
1.378629249999999973e-01 5.107110054898884172e-02
1.381451409999999991e-01 5.081039965486232324e-02
1.384273580000000003e-01 5.055089176276150037e-02
1.387095750000000016e-01 5.029249926025742418e-02
1.389917920000000029e-01 5.003520973111792031e-02
1.392740090000000042e-01 4.977909940308223452e-02
1.395562260000000054e-01 4.952423156817072764e-02
1.398384420000000072e-01 4.927056935873710269e-02
1.401206590000000085e-01 4.901804155039393707e-02
1.404028760000000098e-01 4.876663171653565498e-02
1.406850930000000111e-01 4.851638551175179587e-02
1.409673100000000123e-01 4.826734027316182535e-02
1.412495270000000136e-01 4.801947669787966916e-02
1.415317429999999876e-01 4.777275986008672898e-02
1.418139599999999889e-01 4.752715455580688170e-02
1.420961769999999902e-01 4.728263076192507769e-02
1.423783939999999915e-01 4.703917439898301633e-02
1.426606109999999927e-01 4.679684091202905571e-02
1.429428279999999940e-01 4.655570064884553827e-02
1.432250439999999958e-01 4.631575334332679872e-02
1.435072609999999971e-01 4.607692585255266510e-02
1.437894779999999983e-01 4.583916787522594044e-02
1.440716949999999996e-01 4.560251438103933574e-02
1.443539120000000009e-01 4.536701656584592179e-02
1.446361290000000022e-01 4.513265620337569839e-02
1.449183450000000040e-01 4.489935423654285024e-02
1.452005620000000052e-01 4.466706119166891087e-02
1.454827790000000065e-01 4.443584273964443915e-02
1.457649960000000078e-01 4.420578138520535327e-02
1.460472130000000091e-01 4.397687213294966535e-02
1.463294300000000103e-01 4.374903988239913638e-02
1.466116460000000121e-01 4.352223237946595963e-02
1.468938630000000134e-01 4.329646542539862530e-02
1.471760799999999869e-01 4.307176848729001029e-02
1.474582969999999882e-01 4.284814836015053696e-02
1.477405139999999895e-01 4.262559603895827581e-02
1.480227309999999907e-01 4.240410345732091579e-02
1.483049469999999925e-01 4.218366670544151931e-02
1.485871639999999938e-01 4.196428089493391134e-02
1.488693809999999951e-01 4.174595309718930058e-02
1.491515979999999963e-01 4.152869581695697171e-02
1.494338149999999976e-01 4.131250995997565872e-02
1.497160319999999989e-01 4.109736902455073809e-02
1.499982480000000007e-01 4.088324605080513596e-02
1.502804650000000020e-01 4.067013945390238888e-02
1.505626820000000032e-01 4.045806606104380282e-02
1.508448990000000045e-01 4.024703113920562181e-02
1.511271160000000058e-01 4.003701687290366074e-02
1.514093330000000071e-01 3.982800455832084807e-02
1.516915490000000089e-01 3.961999428939855239e-02
1.519737660000000101e-01 3.941299343704397079e-02
1.522559830000000114e-01 3.920700886704889254e-02
1.525382000000000127e-01 3.900204142969516258e-02
1.528204169999999862e-01 3.879809187610271104e-02
1.531026339999999875e-01 3.859516476291314363e-02
1.533848509999999887e-01 3.839326613539999905e-02
1.536670669999999905e-01 3.819237893492247876e-02
1.539492839999999918e-01 3.799244366035593734e-02
1.542315009999999931e-01 3.779341226444078716e-02
1.545137179999999943e-01 3.759532749976586541e-02
1.547959349999999956e-01 3.739826991551538360e-02
1.550781519999999969e-01 3.720226651131195578e-02
1.553603679999999987e-01 3.700726321964363519e-02
1.556425850000000000e-01 3.681320521701688525e-02
1.559248020000000012e-01 3.662008985059880817e-02
1.562070190000000025e-01 3.642793250253101994e-02
1.564892360000000038e-01 3.623673848799761205e-02
1.567714530000000051e-01 3.604649926043468344e-02
1.570536690000000069e-01 3.585720824588854716e-02
1.573358860000000081e-01 3.566886938666261747e-02
1.576181030000000094e-01 3.548149248636949665e-02
1.579003200000000107e-01 3.529507332551569398e-02
1.581825370000000119e-01 3.510959116112168793e-02
1.584647540000000132e-01 3.492503001803594354e-02
1.587469699999999873e-01 3.474140247715332835e-02
1.590291869999999885e-01 3.455872671564573506e-02
1.593114039999999898e-01 3.437699892483712938e-02
1.595936209999999911e-01 3.419618791433978733e-02
1.598758379999999923e-01 3.401627124699882487e-02
1.601580549999999936e-01 3.383726997000468389e-02
1.604402709999999954e-01 3.365921571829656039e-02
1.607224879999999967e-01 3.348209920885106272e-02
1.610047049999999980e-01 3.330587372658498635e-02
1.612869219999999992e-01 3.313050567247805001e-02
1.615691390000000005e-01 3.295602034970079169e-02
1.618513560000000018e-01 3.278245543245759952e-02
1.621335720000000036e-01 3.260981732602848820e-02
1.624157890000000048e-01 3.243808160922751621e-02
1.626980060000000061e-01 3.226723291268210336e-02
1.629802230000000074e-01 3.209728323833690999e-02
1.632624400000000087e-01 3.192824798236453682e-02
1.635446570000000099e-01 3.176010096232903535e-02
1.638268730000000117e-01 3.159278248570709241e-02
1.641090900000000130e-01 3.142626343167043840e-02
1.643913069999999865e-01 3.126061696489560587e-02
1.646735239999999878e-01 3.109592686195385494e-02
1.649557409999999891e-01 3.093216897219207978e-02
1.652379579999999903e-01 3.076923933476544484e-02
1.655201739999999921e-01 3.060707728159603111e-02
1.658023909999999934e-01 3.044574028604294519e-02
1.660846079999999947e-01 3.028530186152389447e-02
1.663668249999999960e-01 3.012576660992508093e-02
1.666490419999999972e-01 2.996709358286921837e-02
1.669312589999999985e-01 2.980925041888949495e-02
1.672134750000000003e-01 2.965222793117595207e-02
1.674956920000000016e-01 2.949602038649397351e-02
1.677779090000000028e-01 2.934064267951226601e-02
1.680601260000000041e-01 2.918612043173639953e-02
1.683423430000000054e-01 2.903246165044679958e-02
1.686245600000000067e-01 2.887963612125508950e-02
1.689067770000000079e-01 2.872761104861936560e-02
1.691889930000000097e-01 2.857637609514123572e-02
1.694712100000000110e-01 2.842593128193569851e-02
1.697534270000000123e-01 2.827629368868412110e-02
1.700356440000000136e-01 2.812750944675533951e-02
1.703178609999999871e-01 2.797961598665937855e-02
1.706000779999999883e-01 2.783255302357581090e-02
1.708822939999999901e-01 2.768621433147588212e-02
1.711645109999999914e-01 2.754056576256041014e-02
1.714467279999999927e-01 2.739570292999405493e-02
1.717289449999999940e-01 2.725171608911706664e-02
1.720111619999999952e-01 2.710856985760280724e-02
1.722933789999999965e-01 2.696617528522053664e-02
1.725755949999999983e-01 2.682450399215519088e-02
1.728578119999999996e-01 2.668362015232257980e-02
1.731400290000000008e-01 2.654358185254039604e-02
1.734222460000000021e-01 2.640434741941904973e-02
1.737044630000000034e-01 2.626583797873315723e-02
1.739866800000000047e-01 2.612803754769570802e-02
1.742688960000000065e-01 2.599101913224750177e-02
1.745511130000000077e-01 2.585484199264769314e-02
1.748333300000000090e-01 2.571946122141043067e-02
1.751155470000000103e-01 2.558479632928539402e-02
1.753977640000000116e-01 2.545082291494561721e-02
1.756799810000000128e-01 2.531758769267786549e-02
1.759621969999999869e-01 2.518513011005621069e-02
1.762444139999999881e-01 2.505342725273853807e-02
1.765266309999999894e-01 2.492244020805797766e-02
1.768088479999999907e-01 2.479217177818749535e-02
1.770910649999999920e-01 2.466267299818366079e-02
1.773732819999999932e-01 2.453397730557250328e-02
1.776554979999999950e-01 2.440602958723213367e-02
1.779377149999999963e-01 2.427875177276110283e-02
1.782199319999999976e-01 2.415213688200093176e-02
1.785021489999999988e-01 2.402624942534372157e-02
1.787843660000000001e-01 2.390113511053393314e-02
1.790665830000000014e-01 2.377675321300588146e-02
1.793487990000000032e-01 2.365304530704199354e-02
1.796310160000000045e-01 2.353001213775764502e-02
1.799132330000000057e-01 2.340771209215711246e-02
1.801954500000000070e-01 2.328618043422997844e-02
1.804776670000000083e-01 2.316536612046402738e-02
1.807598840000000096e-01 2.304520335889748833e-02
1.810421000000000114e-01 2.292569519600637720e-02
1.813243170000000126e-01 2.280690089446057653e-02
1.816065339999999861e-01 2.268885879720233811e-02
1.818887509999999874e-01 2.257153262832764171e-02
1.821709679999999887e-01 2.245487413627271500e-02
1.824531849999999900e-01 2.233886914567966356e-02
1.827354009999999918e-01 2.222352971658925896e-02
1.830176179999999930e-01 2.210886452666530055e-02
1.832998349999999943e-01 2.199487575786848378e-02
1.835820519999999956e-01 2.188156388635495095e-02
1.838642689999999968e-01 2.176892969846870585e-02
1.841464859999999981e-01 2.165697417408424252e-02
1.844287029999999994e-01 2.154569186354363813e-02
1.847109190000000012e-01 2.143506185099175454e-02
1.849931360000000025e-01 2.132506311186931416e-02
1.852753530000000037e-01 2.121571360303118117e-02
1.855575700000000050e-01 2.110705400607715970e-02
1.858397870000000063e-01 2.099909680036537302e-02
1.861220040000000076e-01 2.089179149826509221e-02
1.864042200000000093e-01 2.078508489009031276e-02
1.866864370000000106e-01 2.067897315618195953e-02
1.869686540000000119e-01 2.057348154353964148e-02
1.872508710000000132e-01 2.046863209931316235e-02
1.875330879999999867e-01 2.036444070555246816e-02
1.878153049999999880e-01 2.026092021074541588e-02
1.880975209999999898e-01 2.015806457226736875e-02
1.883797379999999910e-01 2.005585699316644877e-02
1.886619549999999923e-01 1.995427317756278199e-02
1.889441719999999936e-01 1.985327331746123553e-02
1.892263889999999948e-01 1.975282468964466645e-02
1.895086059999999961e-01 1.965295799773275273e-02
1.897908219999999979e-01 1.955373201420788215e-02
1.900730389999999992e-01 1.945516976347708843e-02
1.903552560000000005e-01 1.935723966535882884e-02
1.906374730000000017e-01 1.925990872350759331e-02
1.909196900000000030e-01 1.916316938826202049e-02
1.912019070000000043e-01 1.906702424484151004e-02
1.914841230000000061e-01 1.897147587600334084e-02
1.917663400000000073e-01 1.887652532270915270e-02
1.920485570000000086e-01 1.878217391487770407e-02
1.923307740000000099e-01 1.868841870224507637e-02
1.926129910000000112e-01 1.859525540632021856e-02
1.928952080000000124e-01 1.850268263375101988e-02
1.931774239999999865e-01 1.841070306216657099e-02
1.934596409999999878e-01 1.831931587566902261e-02
1.937418579999999890e-01 1.822850715737975302e-02
1.940240749999999903e-01 1.813825816718105804e-02
1.943062919999999916e-01 1.804854927012207455e-02
1.945885089999999928e-01 1.795935978588490689e-02
1.948707249999999946e-01 1.787068493602558816e-02
1.951529419999999959e-01 1.778258972544878927e-02
1.954351589999999972e-01 1.769515644286041162e-02
1.957173759999999985e-01 1.760837465371602878e-02
1.959995929999999997e-01 1.752213629814233092e-02
1.962818100000000010e-01 1.743636201565542179e-02
1.965640260000000028e-01 1.735110681379099795e-02
1.968462430000000041e-01 1.726645443732889237e-02
1.971284600000000053e-01 1.718240462715665481e-02
1.974106770000000066e-01 1.709887585473185770e-02
1.976928940000000079e-01 1.701581064431519075e-02
1.979751110000000092e-01 1.693324893667973521e-02
1.982573270000000110e-01 1.685125048011526169e-02
1.985395440000000122e-01 1.676983465003705279e-02
1.988217610000000135e-01 1.668898769873289334e-02
1.991039779999999870e-01 1.660869075440172399e-02
1.993861949999999883e-01 1.652891311363720653e-02
1.996684119999999896e-01 1.644962373930815985e-02
1.999506289999999908e-01 1.637082207483617213e-02
2.002328449999999926e-01 1.629253149513769025e-02
2.005150619999999939e-01 1.621476774713922347e-02
2.007972789999999952e-01 1.613752640302817606e-02
2.010794959999999965e-01 1.606079934851964777e-02
2.013617129999999977e-01 1.598458218669891739e-02
2.016439299999999990e-01 1.590887313066414316e-02
2.019261460000000008e-01 1.583367404981031457e-02
2.022083630000000021e-01 1.575899445567323712e-02
2.024905800000000033e-01 1.568484346184233907e-02
2.027727970000000046e-01 1.561120160805699181e-02
2.030550140000000059e-01 1.553803166864994346e-02
2.033372310000000072e-01 1.546531390802146841e-02
2.036194470000000090e-01 1.539306905471302632e-02
2.039016640000000102e-01 1.532132073750132502e-02
2.041838810000000115e-01 1.525007508641432717e-02
2.044660980000000128e-01 1.517932757278754249e-02
2.047483149999999863e-01 1.510906752777049257e-02
2.050305319999999876e-01 1.503927206888066789e-02
2.053127479999999894e-01 1.496992152166672606e-02
2.055949649999999906e-01 1.490103363645552473e-02
2.058771819999999919e-01 1.483264605624310881e-02
2.061593989999999932e-01 1.476476863100629339e-02
2.064416159999999945e-01 1.469736076216803487e-02
2.067238329999999957e-01 1.463038227973673631e-02
2.070060489999999975e-01 1.456383694001650922e-02
2.072882659999999988e-01 1.449774759116900270e-02
2.075704830000000001e-01 1.443212651882810199e-02
2.078527000000000013e-01 1.436696714629461837e-02
2.081349170000000026e-01 1.430226194939581731e-02
2.084171340000000039e-01 1.423800858561193039e-02
2.086993500000000057e-01 1.417420701428330661e-02
2.089815670000000070e-01 1.411085427905997385e-02
2.092637840000000082e-01 1.404794479287214438e-02
2.095460010000000095e-01 1.398547289506757614e-02
2.098282180000000108e-01 1.392343539723176100e-02
2.101104350000000121e-01 1.386182997582091798e-02
2.103926510000000139e-01 1.380065294693122793e-02
2.106748679999999874e-01 1.373989788036474383e-02
2.109570849999999886e-01 1.367956165950118264e-02
2.112393019999999899e-01 1.361965563567171626e-02
2.115215189999999912e-01 1.356019529215095332e-02
2.118037359999999925e-01 1.350117475915939107e-02
2.120859519999999943e-01 1.344256277491164345e-02
2.123681689999999955e-01 1.338433494854701818e-02
2.126503859999999968e-01 1.332650933558436439e-02
2.129326029999999981e-01 1.326911514934426585e-02
2.132148199999999993e-01 1.321216118439281009e-02
2.134970370000000006e-01 1.315563414658894696e-02
2.137792530000000024e-01 1.309951810631694580e-02
2.140614700000000037e-01 1.304378938996970938e-02
2.143436870000000050e-01 1.298842430114005575e-02
2.146259040000000062e-01 1.293342592112919562e-02
2.149081210000000075e-01 1.287882367048365229e-02
2.151903380000000088e-01 1.282463971310793954e-02
2.154725540000000106e-01 1.277086575440707257e-02
2.157547710000000118e-01 1.271748648971136354e-02
2.160369880000000131e-01 1.266449807040923199e-02
2.163192049999999866e-01 1.261190604541698179e-02
2.166014219999999879e-01 1.255970856398607935e-02
2.168836389999999892e-01 1.250787855060351075e-02
2.171658559999999905e-01 1.245638613589107602e-02
2.174480719999999923e-01 1.240523847494384192e-02
2.177302889999999935e-01 1.235447146034743433e-02
2.180125059999999948e-01 1.230410931582176515e-02
2.182947229999999961e-01 1.225413821187595377e-02
2.185769399999999973e-01 1.220453822687075744e-02
2.188591569999999986e-01 1.215529959693666985e-02
2.191413730000000004e-01 1.210642001347598043e-02
2.194235900000000017e-01 1.205789717686364844e-02
2.197058070000000030e-01 1.200973026602300715e-02
2.199880240000000042e-01 1.196191909867681466e-02
2.202702410000000055e-01 1.191447116618686922e-02
2.205524580000000068e-01 1.186739885204679545e-02
2.208346740000000086e-01 1.182069848568554488e-02
2.211168910000000098e-01 1.177432805996914307e-02
2.213991080000000111e-01 1.172824698041231850e-02
2.216813250000000124e-01 1.168247799097644514e-02
2.219635420000000137e-01 1.163708052955626272e-02
2.222457589999999872e-01 1.159208101677321190e-02
2.225279749999999890e-01 1.154743641328275124e-02
2.228101919999999903e-01 1.150309878695715896e-02
2.230924089999999915e-01 1.145905842922916897e-02
2.233746259999999928e-01 1.141532527258051419e-02
2.236568429999999941e-01 1.137191840956534167e-02
2.239390599999999953e-01 1.132887371202833011e-02
2.242212759999999971e-01 1.128622031413598070e-02
2.245034929999999984e-01 1.124391902104749513e-02
2.247857099999999997e-01 1.120189981861035265e-02
2.250679270000000010e-01 1.116013221816627293e-02
2.253501440000000022e-01 1.111865261809200610e-02
2.256323610000000035e-01 1.107750085024443963e-02
2.259145770000000053e-01 1.103669657615078369e-02
2.261967940000000066e-01 1.099625003657499038e-02
2.264790110000000078e-01 1.095614593675350683e-02
2.267612280000000091e-01 1.091632965346552020e-02
2.270434450000000104e-01 1.087675463420650912e-02
2.273256620000000117e-01 1.083744302806018828e-02
2.276078780000000135e-01 1.079844223856361689e-02
2.278900949999999870e-01 1.075977103396549492e-02
2.281723119999999883e-01 1.072141012338821177e-02
2.284545289999999895e-01 1.068334142393500240e-02
2.287367459999999908e-01 1.064556891212071164e-02
2.290189629999999921e-01 1.060810350780875926e-02
2.293011789999999939e-01 1.057094119351079629e-02
2.295833959999999951e-01 1.053405905428682517e-02
2.298656129999999964e-01 1.049744018730697052e-02
2.301478299999999977e-01 1.046109977937538862e-02
2.304300469999999990e-01 1.042506171642362985e-02
2.307122640000000002e-01 1.038932469928498074e-02
2.309944800000000020e-01 1.035385965703053239e-02
2.312766970000000033e-01 1.031864245952463129e-02
2.315589140000000046e-01 1.028367804810170587e-02
2.318411310000000058e-01 1.024897857619134350e-02
2.321233480000000071e-01 1.021455004082273514e-02
2.324055650000000084e-01 1.018039228441649895e-02
2.326877820000000097e-01 1.014650433756947127e-02
2.329699980000000115e-01 1.011288329727592743e-02
2.332522150000000127e-01 1.007952597886301906e-02
2.335344319999999863e-01 1.004644030962573847e-02
2.338166489999999875e-01 1.001364379853489188e-02
2.340988659999999888e-01 9.981141521372785888e-03
2.343810829999999901e-01 9.948895699172993073e-03
2.346632989999999919e-01 9.916862212197874102e-03
2.349455159999999931e-01 9.885037650969241349e-03
2.352277329999999944e-01 9.853452364262892810e-03
2.355099499999999957e-01 9.822130999870896245e-03
2.357921669999999970e-01 9.791078619349264517e-03
2.360743839999999982e-01 9.760295673412159798e-03
2.363566000000000000e-01 9.729769177813768141e-03
2.366388170000000013e-01 9.699475895359709054e-03
2.369210340000000026e-01 9.669400954469746165e-03
2.372032510000000038e-01 9.639551408212133909e-03
2.374854680000000051e-01 9.609937191379407800e-03
2.377676850000000064e-01 9.580559244165280652e-03
2.380499010000000082e-01 9.551412668157434338e-03
2.383321180000000095e-01 9.522494943450608706e-03
2.386143350000000107e-01 9.493810514162261474e-03
2.388965520000000120e-01 9.465363319048918436e-03
2.391787690000000133e-01 9.437142969201756104e-03
2.394609859999999868e-01 9.409130611746719178e-03
2.397432019999999886e-01 9.381319379220260171e-03
2.400254189999999899e-01 9.353727704066762405e-03
2.403076359999999911e-01 9.326374971544426629e-03
2.405898529999999924e-01 9.299256450826907591e-03
2.408720699999999937e-01 9.272354627533884244e-03
2.411542869999999950e-01 9.245660397414926651e-03
2.414365029999999968e-01 9.219181076047569187e-03
2.417187199999999980e-01 9.192923514741118199e-03
2.420009369999999993e-01 9.166878617673799093e-03
2.422831540000000006e-01 9.141029465837452114e-03
2.425653710000000018e-01 9.115364681659391191e-03
2.428475880000000031e-01 9.089882501730631517e-03
2.431298040000000049e-01 9.064585588140270864e-03
2.434120210000000062e-01 9.039500250129013648e-03
2.436942380000000075e-01 9.014662784909786147e-03
2.439764550000000087e-01 8.990074947038944470e-03
2.442586720000000100e-01 8.965685115964508109e-03
2.445408890000000113e-01 8.941446092877124857e-03
2.448231050000000131e-01 8.917366939038412488e-03
2.451053219999999866e-01 8.893477709124799138e-03
2.453875389999999879e-01 8.869791437182680816e-03
2.456697559999999891e-01 8.846296922819411185e-03
2.459519729999999904e-01 8.822983041482960684e-03
2.462341899999999917e-01 8.799848987527817204e-03
2.465164059999999935e-01 8.776897547266111418e-03
2.467986229999999948e-01 8.754130003135218371e-03
2.470808399999999960e-01 8.731546293701474351e-03
2.473630569999999973e-01 8.709147604120585570e-03
2.476452739999999986e-01 8.686942130837956369e-03
2.479274909999999998e-01 8.664939427472992742e-03
2.482097080000000011e-01 8.643126012494607019e-03
2.484919240000000029e-01 8.621462355422162063e-03
2.487741410000000042e-01 8.599918230174240577e-03
2.490563580000000055e-01 8.578511341304464327e-03
2.493385750000000067e-01 8.557271909972059484e-03
2.496207920000000080e-01 8.536220607233968583e-03
2.499030090000000093e-01 8.515368328356368727e-03
2.501852250000000111e-01 8.494716297721338280e-03
2.504674419999999846e-01 8.474229492841874739e-03
2.507496590000000136e-01 8.453866343030099970e-03
2.510318759999999871e-01 8.433624348383877978e-03
2.513140930000000162e-01 8.413537173504639921e-03
2.515963099999999897e-01 8.393631041258130948e-03
2.518785259999999915e-01 8.373901934999480184e-03
2.521607430000000205e-01 8.354339157066270269e-03
2.524429599999999940e-01 8.334933054653138884e-03
2.527251770000000231e-01 8.315674600538169869e-03
2.530073939999999966e-01 8.296554331106259852e-03
2.532896110000000256e-01 8.277561379257048629e-03
2.535718270000000274e-01 8.258686587487410607e-03
2.538540440000000009e-01 8.239948210246636484e-03
2.541362609999999744e-01 8.221385437284218708e-03
2.544184780000000035e-01 8.203017584659733769e-03
2.547006949999999770e-01 8.184808417310628775e-03
2.549829120000000060e-01 8.166714885625326811e-03
2.552651280000000078e-01 8.148726295846807355e-03
2.555473449999999813e-01 8.130853648759976682e-03
2.558295620000000103e-01 8.113108174206714110e-03
2.561117789999999839e-01 8.095500115603688346e-03
2.563939960000000129e-01 8.078038784103536499e-03
2.566762129999999864e-01 8.060724923198019781e-03
2.569584289999999882e-01 8.043554088007207059e-03
2.572406460000000172e-01 8.026517580884632436e-03
2.575228629999999908e-01 8.009598146366741361e-03
2.578050800000000198e-01 7.992780336515840911e-03
2.580872969999999933e-01 7.976077179095967043e-03
2.583695140000000223e-01 7.959517225856093531e-03
2.586517300000000241e-01 7.943116436515580692e-03
2.589339469999999976e-01 7.926865465515672837e-03
2.592161640000000267e-01 7.910749987781568252e-03
2.594983810000000002e-01 7.894737200812027358e-03
2.597805979999999737e-01 7.878785672270644663e-03
2.600628150000000027e-01 7.862892741556689116e-03
2.603450310000000045e-01 7.847124241908224815e-03
2.606272479999999780e-01 7.831541309234408069e-03
2.609094650000000071e-01 7.816121687844051341e-03
2.611916819999999806e-01 7.800806616398185504e-03
2.614738990000000096e-01 7.785566104441333894e-03
2.617561159999999831e-01 7.770416031467359576e-03
2.620383319999999849e-01 7.755372822461826035e-03
2.623205490000000140e-01 7.740429793614997563e-03
2.628849830000000165e-01 7.710802131505966814e-03
2.631671999999999900e-01 7.696151215070260246e-03
2.634494170000000191e-01 7.681645194991892391e-03
2.637316330000000208e-01 7.667275675903590347e-03
2.640138499999999944e-01 7.653021915797596914e-03
2.642960670000000234e-01 7.638864499758591699e-03
2.645782839999999969e-01 7.624785491075168620e-03
2.648605010000000259e-01 7.610771721811679554e-03
2.651427179999999995e-01 7.596833560257588470e-03
2.654249349999999730e-01 7.582988604583187908e-03
2.657071509999999748e-01 7.569249258819766082e-03
2.659893680000000038e-01 7.555621689662136639e-03
2.662715849999999773e-01 7.542107617044544951e-03
2.665538020000000063e-01 7.528689672700748271e-03
2.668360189999999799e-01 7.515345924841586658e-03
2.671182360000000089e-01 7.502073600926779419e-03
2.674004520000000107e-01 7.488890055588705297e-03
2.676826689999999842e-01 7.475807193007932665e-03
2.679648860000000132e-01 7.462812143912034291e-03
2.682471029999999867e-01 7.449886445711664806e-03
2.685293200000000158e-01 7.437025223214595998e-03
2.688115369999999893e-01 7.424236455181042887e-03
2.690937529999999911e-01 7.411532687412404098e-03
2.693759700000000201e-01 7.398940547968880892e-03
2.696581869999999936e-01 7.386486703653790016e-03
2.699404040000000227e-01 7.374140828488972253e-03
2.702226209999999962e-01 7.361823992745983487e-03
2.705048380000000252e-01 7.349491862623407264e-03
2.707870540000000270e-01 7.337214021188595905e-03
2.710692710000000005e-01 7.325076469704231048e-03
2.713514879999999740e-01 7.313078307730517050e-03
2.716337050000000031e-01 7.301151596918338191e-03
2.719159219999999766e-01 7.289254827674007675e-03
2.721981390000000056e-01 7.277425533773774005e-03
2.724803550000000074e-01 7.265709863260349025e-03
2.727625719999999809e-01 7.254086979466601443e-03
2.730447890000000100e-01 7.242489846932749151e-03
2.733270059999999835e-01 7.230887235352751255e-03
2.736092230000000125e-01 7.219340139796380507e-03
2.738914399999999860e-01 7.207916748458856500e-03
2.741736559999999878e-01 7.196606955617731137e-03
2.744558730000000168e-01 7.185351684287636514e-03
2.747380899999999904e-01 7.174118978756975802e-03
2.750203070000000194e-01 7.162939102972471807e-03
2.755847410000000219e-01 7.140837966092666508e-03
2.758669570000000237e-01 7.129886780951662922e-03
2.761491739999999973e-01 7.118978719757319482e-03
2.764313910000000263e-01 7.108122826208549197e-03
2.767136079999999998e-01 7.097329755394505071e-03
2.772780420000000023e-01 7.075930294977394314e-03
2.775602580000000041e-01 7.065320202350258878e-03
2.778424749999999777e-01 7.054778650584649785e-03
2.781246920000000067e-01 7.044311451450126563e-03
2.784069089999999802e-01 7.033895898255724220e-03
2.786891260000000092e-01 7.023496801733868262e-03
2.789713429999999827e-01 7.013107535686175301e-03
2.792535589999999845e-01 7.002768009725198438e-03
2.795357760000000136e-01 6.992515709096707929e-03
2.798179929999999871e-01 6.982344819861097118e-03
2.801002100000000161e-01 6.972232067920589374e-03
2.803824269999999896e-01 6.962163275391770531e-03
2.806646440000000187e-01 6.952137642260017465e-03
2.809468609999999922e-01 6.942154776675787779e-03
2.815112940000000230e-01 6.922299385009248254e-03
2.817935109999999965e-01 6.912425864106144964e-03
2.820757280000000256e-01 6.902607192568276269e-03
2.823579449999999991e-01 6.892855897989415281e-03
2.826401619999999726e-01 6.883155451319130681e-03
2.832045950000000034e-01 6.863828318227094619e-03
2.834868119999999769e-01 6.854221587554507403e-03
2.837690290000000060e-01 6.844678545097490456e-03
2.840512459999999795e-01 6.835186961702671531e-03
2.843334630000000085e-01 6.825726354675033108e-03
2.846156790000000103e-01 6.816288309003850493e-03
2.848978959999999838e-01 6.806877224752891017e-03
2.851801130000000128e-01 6.797501003403889214e-03
2.854623299999999864e-01 6.788178823917258818e-03
2.857445470000000154e-01 6.778931276751943603e-03
2.860267639999999889e-01 6.769746791185143539e-03
2.863089799999999907e-01 6.760582677279902523e-03
2.865911970000000197e-01 6.751409137668272498e-03
2.868734139999999933e-01 6.742248347944923038e-03
2.871556310000000223e-01 6.733133129333604243e-03
2.874378479999999958e-01 6.724076062416953388e-03
2.877200650000000248e-01 6.715072032274612551e-03
2.880022810000000266e-01 6.706112147823461121e-03
2.882844980000000001e-01 6.697177033291455001e-03
2.885667149999999737e-01 6.688247259967445603e-03
2.888489320000000027e-01 6.679333619877920666e-03
2.891311489999999762e-01 6.670470750017296925e-03
2.894133660000000052e-01 6.661678069477074138e-03
2.896955820000000070e-01 6.652929297041474885e-03
2.899777989999999805e-01 6.644191812961064598e-03
2.902600160000000096e-01 6.635458986655333284e-03
2.905422329999999831e-01 6.626742566060364950e-03
2.908244500000000121e-01 6.618051971460572371e-03
2.913888829999999874e-01 6.600757234203211143e-03
2.916711000000000165e-01 6.592160842754350367e-03
2.919533169999999900e-01 6.583609350488016029e-03
2.922355340000000190e-01 6.575102019407991043e-03
2.927999680000000216e-01 6.558127904049713096e-03
2.930821840000000233e-01 6.549645474142289439e-03
2.933644009999999969e-01 6.541193348844925870e-03
2.939288349999999994e-01 6.524401837915138301e-03
2.942110519999999729e-01 6.516032228640331221e-03
2.947754850000000038e-01 6.499353595647238378e-03
2.950577019999999773e-01 6.491068916916776892e-03
2.953399190000000063e-01 6.482830611825188792e-03
2.956221359999999798e-01 6.474641245954267967e-03
2.959043530000000088e-01 6.466478649515485996e-03
2.961865699999999824e-01 6.458309483516438444e-03
2.964687870000000114e-01 6.450124009632010255e-03
2.967510030000000132e-01 6.441951903992430839e-03
2.970332199999999867e-01 6.433820837706495134e-03
2.973154370000000157e-01 6.425720225233667003e-03
2.975976539999999892e-01 6.417623920030033832e-03
2.978798710000000183e-01 6.409528765367599433e-03
2.981620879999999918e-01 6.401466128157809639e-03
2.984443039999999936e-01 6.393461859193330654e-03
2.987265210000000226e-01 6.385491367751034569e-03
2.990087379999999961e-01 6.377512109569073544e-03
2.992909550000000252e-01 6.369510572052620653e-03
2.995731719999999987e-01 6.361512522162751128e-03
2.998553890000000277e-01 6.353544121967738892e-03
3.004198220000000030e-01 6.337745399398126214e-03
3.007020389999999765e-01 6.329915536719405225e-03
3.009842560000000056e-01 6.322100335539201227e-03
3.012664729999999791e-01 6.314275095230389816e-03
3.015486900000000081e-01 6.306441040522686205e-03
3.018309060000000099e-01 6.298607069438488283e-03
3.026775569999999860e-01 6.275190199339349649e-03
3.032419909999999885e-01 6.259747807586686294e-03
3.035242069999999903e-01 6.252085488942096987e-03
3.046530749999999954e-01 6.221366039993376541e-03
3.049352920000000244e-01 6.213755302271471367e-03
3.057819419999999733e-01 6.190954680716523328e-03
3.060641590000000023e-01 6.183345662524500352e-03
3.063463759999999758e-01 6.175743446143027067e-03
3.066285930000000048e-01 6.168160721693411418e-03
3.069108090000000066e-01 6.160608282989071122e-03
3.071930259999999802e-01 6.153090842617988353e-03
3.074752430000000092e-01 6.145610775764007855e-03
3.077574599999999827e-01 6.138152331373544074e-03
3.080396770000000117e-01 6.130686602421991406e-03
3.083218939999999852e-01 6.123198717465924180e-03
3.086041099999999870e-01 6.115711686486609115e-03
3.088863270000000161e-01 6.108252492179552968e-03
3.094507610000000186e-01 6.093408152103992406e-03
3.097329779999999921e-01 6.085998073976421792e-03
3.100151950000000212e-01 6.078594336355329537e-03
3.102974110000000230e-01 6.071200647780114826e-03
3.105796279999999965e-01 6.063824074567076249e-03
3.108618450000000255e-01 6.056473750663578758e-03
3.111440619999999990e-01 6.049151949778961215e-03
3.114262789999999725e-01 6.041846437152624018e-03
3.117084960000000016e-01 6.034543563421799518e-03
3.119907129999999751e-01 6.027233569345753599e-03
3.122729289999999769e-01 6.019908902151340641e-03
3.125551460000000059e-01 6.012574780433873473e-03
3.131195800000000085e-01 5.997994112586070223e-03
3.136840140000000110e-01 5.983521249849342930e-03
3.139662300000000128e-01 5.976266212792162406e-03
3.142484469999999863e-01 5.969017002062841290e-03
3.145306640000000153e-01 5.961796129718112229e-03
3.148128809999999889e-01 5.954598393291041410e-03
3.150950980000000179e-01 5.947406931160982221e-03
3.153773149999999914e-01 5.940214147479899037e-03
3.162239649999999958e-01 5.918692254007728616e-03
3.165061820000000248e-01 5.911548711419759884e-03
3.167883989999999983e-01 5.904419515111922895e-03
3.170706160000000273e-01 5.897299257300567948e-03
3.173528319999999736e-01 5.890183028997734993e-03
3.176350490000000026e-01 5.883069904885056961e-03
3.179172659999999762e-01 5.875960438765168679e-03
3.181994830000000052e-01 5.868855903420012489e-03
3.184816999999999787e-01 5.861758498209340869e-03
3.187639170000000077e-01 5.854672196254441519e-03
3.193283499999999830e-01 5.840583916045914356e-03
3.196105670000000121e-01 5.833587344669288223e-03
3.198927839999999856e-01 5.826585487658577159e-03
3.201750010000000146e-01 5.819553541838578224e-03
3.204572179999999881e-01 5.812512865095436840e-03
3.207394339999999899e-01 5.805496419840303415e-03
3.210216510000000190e-01 5.798516317105803508e-03
3.215860850000000215e-01 5.784625954714998734e-03
3.224327350000000258e-01 5.763709581425225346e-03
3.229971689999999729e-01 5.749799478883744173e-03
3.235616029999999754e-01 5.735989627864666873e-03
3.238438200000000045e-01 5.729084122445830124e-03
3.241260360000000063e-01 5.722196825209385773e-03
3.244082529999999798e-01 5.715337614486067953e-03
3.246904700000000088e-01 5.708486733202567699e-03
3.249726869999999823e-01 5.701620863260595078e-03
3.252549040000000113e-01 5.694746480895372664e-03
3.258193369999999867e-01 5.681073192466777784e-03
3.261015540000000157e-01 5.674265499978533786e-03
3.263837709999999892e-01 5.667441802517793163e-03
3.266659880000000182e-01 5.660609008147119738e-03
3.269482049999999917e-01 5.653797050377603467e-03
3.272304220000000208e-01 5.647021368590719910e-03
3.275126380000000226e-01 5.640261277149448936e-03
3.280770720000000251e-01 5.626717520598728886e-03
3.283592889999999986e-01 5.619950919695236059e-03
3.286415060000000277e-01 5.613202413284390513e-03
3.289237230000000012e-01 5.606466122798244717e-03
3.292059399999999747e-01 5.599735476967946692e-03
3.294881559999999765e-01 5.593015924780141146e-03
3.297703730000000055e-01 5.586319284410475386e-03
