# q  I_recon
3.245493999999999810e-03 9.950460961071154742e-01
3.527709999999999874e-03 9.941506860864773865e-01
3.809926999999999845e-03 9.931819156600989462e-01
4.092143999999999816e-03 9.921400594038251031e-01
4.374361000000000221e-03 9.910253931312156261e-01
4.656577999999999759e-03 9.898382640783548458e-01
4.938795000000000164e-03 9.885790719329885512e-01
5.221011000000000228e-03 9.872482189467640668e-01
5.503227999999999766e-03 9.858460837960806300e-01
5.785445000000000171e-03 9.843730627963035440e-01
6.067661999999999708e-03 9.828296096667218373e-01
6.349879000000000114e-03 9.812162191212625562e-01
6.632095999999999651e-03 9.795333765208381616e-01
6.914311999999999715e-03 9.777815495312822680e-01
7.196529000000000120e-03 9.759611930332300345e-01
7.478745999999999658e-03 9.740728793274411323e-01
7.760963000000000063e-03 9.721172334154377648e-01
8.043180000000000468e-03 9.700948560656614816e-01
8.325397000000000006e-03 9.680062946719957262e-01
8.607613999999999543e-03 9.658521010859009159e-01
8.889829999999999607e-03 9.636329384835140566e-01
9.172046999999999145e-03 9.613495014222148694e-01
9.454264000000000417e-03 9.590024788588864535e-01
9.736480999999999955e-03 9.565924953367721528e-01
1.001869799999999949e-02 9.541201812009115768e-01
1.030091500000000077e-02 9.515862645750724491e-01
1.058313100000000083e-02 9.489915296499656927e-01
1.086534800000000037e-02 9.463367144344080328e-01
1.114756499999999990e-02 9.436225520947552070e-01
1.142978199999999944e-02 9.408497759269180971e-01
1.171199900000000071e-02 9.380192068535754268e-01
1.199421600000000025e-02 9.351317025061517407e-01
1.227643200000000032e-02 9.321880697291693441e-01
1.255864899999999985e-02 9.291889888363583649e-01
1.284086599999999939e-02 9.261351935217611020e-01
1.312308300000000066e-02 9.230275966234285923e-01
1.340530000000000020e-02 9.198671820095793983e-01
1.368751699999999974e-02 9.166548446798026273e-01
1.396973299999999980e-02 9.133913671457776218e-01
1.425194999999999934e-02 9.100775148762551003e-01
1.453416700000000061e-02 9.067142369768702581e-01
1.481638400000000015e-02 9.033025200355249140e-01
1.509860099999999969e-02 8.998432684162747108e-01
1.538081799999999923e-02 8.963372830358867782e-01
1.566303399999999929e-02 8.927854034310827025e-01
1.594525100000000056e-02 8.891885909534958943e-01
1.622746799999999837e-02 8.855478907835909741e-01
1.650968499999999964e-02 8.818642554282265511e-01
1.679190200000000091e-02 8.781385464303101962e-01
1.707411899999999871e-02 8.743716469902312882e-01
1.735633500000000051e-02 8.705645697101173086e-01
1.763855199999999832e-02 8.667183144193192357e-01
1.792076899999999959e-02 8.628338303271574361e-01
1.820298600000000086e-02 8.589119600239092378e-01
1.848520299999999866e-02 8.549535806490479173e-01
1.876741999999999994e-02 8.509597196000224795e-01
1.904963600000000173e-02 8.469314504255831544e-01
1.933185299999999954e-02 8.428697121573642814e-01
1.961407000000000081e-02 8.387754019094987301e-01
1.989628699999999861e-02 8.346494408342022275e-01
2.017850399999999988e-02 8.304928928458497062e-01
2.046072100000000116e-02 8.263068409452882790e-01
2.074293799999999896e-02 8.220921710551472028e-01
2.102515400000000076e-02 8.178496198731590727e-01
2.130737099999999856e-02 8.135799713167503056e-01
2.158958799999999983e-02 8.092843531331515017e-01
2.187180500000000111e-02 8.049639233239269664e-01
2.215402199999999891e-02 8.006196684363729998e-01
2.243623900000000018e-02 7.962524460827902217e-01
2.271845499999999851e-02 7.918631519340636471e-01
2.300067199999999978e-02 7.874527050368582692e-01
2.328288900000000106e-02 7.830220771736516872e-01
2.356510599999999886e-02 7.785721528939782976e-01
2.384732300000000013e-02 7.741037682767647476e-01
2.412954000000000140e-02 7.696178095594774504e-01
2.441175599999999973e-02 7.651153038181532917e-01
2.469397300000000101e-02 7.605972349848919567e-01
2.497618999999999881e-02 7.560644840046296666e-01
2.525840700000000008e-02 7.515178241484234967e-01
2.554062400000000135e-02 7.469580895294649636e-01
2.582284099999999916e-02 7.423862502680453890e-01
2.610505700000000096e-02 7.378032942663571569e-01
2.638727399999999876e-02 7.332100055608894440e-01
2.666949100000000003e-02 7.286071322339203737e-01
2.695170800000000130e-02 7.239954678085473994e-01
2.723392499999999911e-02 7.193759285309148099e-01
2.751614200000000038e-02 7.147494313927492682e-01
2.779835799999999871e-02 7.101167980625899823e-01
2.808057499999999998e-02 7.054787463961558203e-01
2.836279200000000125e-02 7.008360886343466545e-01
2.864500899999999906e-02 6.961897008825311817e-01
2.892722600000000033e-02 6.915404423842042014e-01
2.920944300000000160e-02 6.868889903606236746e-01
2.949165899999999993e-02 6.822359598821720050e-01
2.977387600000000120e-02 6.775820294109698994e-01
3.005609299999999900e-02 6.729281064100368637e-01
3.033831000000000028e-02 6.682750689859645599e-01
3.062052700000000155e-02 6.636236103248894791e-01
3.090274399999999935e-02 6.589743515502765048e-01
3.118496000000000115e-02 6.543279799566575905e-01
3.146717699999999895e-02 6.496852047152539278e-01
3.174939400000000023e-02 6.450467706110217803e-01
3.203161100000000150e-02 6.404132964698022734e-01
3.231382800000000277e-02 6.357853642484584400e-01
3.259604499999999710e-02 6.311636234872575191e-01
3.287826099999999890e-02 6.265488271482335669e-01
3.316047800000000018e-02 6.219416564598291286e-01
3.344269500000000145e-02 6.173426983146168556e-01
3.372491200000000272e-02 6.127524803273883824e-01
3.400712899999999705e-02 6.081715974282642101e-01
3.428934599999999833e-02 6.036007227645805440e-01
3.457156200000000013e-02 5.990405092583489521e-01
3.485377900000000140e-02 5.944913787861481058e-01
3.513599600000000267e-02 5.899537558010219396e-01
3.541821299999999700e-02 5.854281787970307960e-01
3.570042999999999828e-02 5.809153227918313345e-01
3.598264699999999955e-02 5.764158186959610353e-01
3.626486400000000082e-02 5.719300961005313599e-01
3.654708000000000262e-02 5.674585558554320341e-01
3.682929699999999695e-02 5.630016669063120371e-01
3.711151399999999823e-02 5.585600551500137234e-01
3.739373099999999950e-02 5.541342682819623278e-01
3.767594800000000077e-02 5.497246181320954994e-01
3.795816500000000204e-02 5.453313736833368397e-01
3.824038099999999690e-02 5.409549832927751378e-01
3.852259799999999818e-02 5.365959887699399689e-01
3.880481499999999945e-02 5.322549284504565215e-01
3.908703200000000072e-02 5.279321533532627120e-01
3.936924900000000199e-02 5.236279843835075498e-01
3.965146600000000326e-02 5.193427968299856312e-01
3.993368199999999812e-02 5.150770229156882429e-01
4.021589899999999940e-02 5.108310156705532235e-01
4.049811600000000067e-02 5.066050753229326409e-01
4.078033300000000194e-02 5.023994758230395652e-01
4.106255000000000321e-02 4.982145681150750849e-01
4.134476699999999755e-02 4.940507564617071523e-01
4.162698299999999935e-02 4.899084020979428966e-01
4.190920000000000062e-02 4.857876749202893474e-01
4.219141700000000189e-02 4.816887779171013517e-01
4.247363400000000316e-02 4.776120303522690125e-01
4.275585099999999750e-02 4.735578330717637452e-01
4.303806799999999877e-02 4.695265125403420559e-01
4.332028400000000057e-02 4.655182396358965580e-01
4.360250100000000184e-02 4.615331285722460430e-01
4.388471800000000311e-02 4.575714239096349556e-01
4.416693499999999745e-02 4.536334050587448319e-01
4.444915199999999872e-02 4.497193182427524083e-01
4.473136899999999999e-02 4.458293418053188573e-01
4.501358500000000179e-02 4.419636676001912345e-01
4.529580200000000306e-02 4.381225144471276312e-01
4.557801899999999740e-02 4.343061754249691320e-01
4.586023599999999867e-02 4.305148122351287188e-01
4.614245299999999994e-02 4.267483735638851750e-01
4.642467000000000121e-02 4.230068243265595607e-01
4.670688600000000301e-02 4.192904315445298291e-01
4.698910299999999735e-02 4.155995515732161527e-01
4.727131999999999862e-02 4.119344337503870190e-01
4.755353699999999989e-02 4.082950749955385761e-01
4.783575400000000116e-02 4.046814676219593343e-01
4.811797100000000244e-02 4.010937183157829988e-01
4.840018699999999729e-02 3.975319917003521386e-01
4.868240399999999857e-02 3.939963617788693750e-01
4.896462099999999984e-02 3.904868630115062578e-01
4.924683800000000111e-02 3.870035272092345324e-01
4.952905500000000238e-02 3.835464807143255661e-01
4.981127199999999672e-02 3.801158819249287890e-01
5.009348799999999852e-02 3.767118129656433223e-01
5.037570499999999979e-02 3.733342033289998030e-01
5.065792200000000106e-02 3.699830372096375442e-01
5.094013900000000233e-02 3.666584237313242900e-01
5.122235599999999667e-02 3.633605125127248869e-01
5.150457299999999794e-02 3.600893316819290813e-01
5.178678999999999921e-02 3.568447648236421355e-01
5.206900600000000101e-02 3.536267322077907838e-01
5.235122300000000228e-02 3.504352753634450979e-01
5.263343999999999662e-02 3.472705110549828555e-01
5.291565699999999789e-02 3.441324470911906741e-01
5.319787399999999916e-02 3.410209866066282736e-01
5.348009100000000043e-02 3.379360581480204684e-01
5.376230700000000223e-02 3.348777261092861779e-01
5.404452399999999657e-02 3.318460478502551769e-01
5.432674099999999784e-02 3.288409708794152730e-01
5.460895799999999911e-02 3.258622938395866475e-01
5.489117500000000038e-02 3.229098654857366357e-01
5.517339200000000166e-02 3.199837374342703877e-01
5.545560800000000345e-02 3.170840122057597688e-01
5.573782499999999779e-02 3.142106623124464870e-01
5.602004199999999906e-02 3.113636043614833038e-01
5.630225900000000033e-02 3.085427349791207141e-01
5.658447600000000161e-02 3.057479289995540528e-01
5.686669300000000288e-02 3.029790594039984963e-01
5.714890899999999774e-02 3.002360484037703836e-01
5.743112599999999901e-02 2.975188203078883986e-01
5.771334300000000028e-02 2.948273320283736898e-01
5.799556000000000155e-02 2.921615380675370854e-01
5.827777700000000283e-02 2.895213869119369066e-01
5.855999399999999716e-02 2.869067293412784769e-01
5.884220999999999896e-02 2.843173559011468177e-01
5.912442700000000023e-02 2.817530905612625758e-01
5.940664400000000150e-02 2.792139454546378463e-01
5.968886100000000278e-02 2.766999345683476275e-01
5.997107799999999711e-02 2.742109058916328834e-01
6.025329499999999838e-02 2.717466013532256475e-01
6.053551100000000018e-02 2.693068460938704001e-01
6.081772800000000145e-02 2.668916151368532219e-01
6.109994500000000273e-02 2.645009155734509010e-01
6.138216199999999706e-02 2.621345597961421414e-01
6.166437899999999833e-02 2.597922537028819479e-01
6.194659599999999960e-02 2.574738168755077439e-01
6.222881200000000140e-02 2.551793141782094931e-01
6.251102899999999574e-02 2.529087765621770290e-01
6.279324599999999701e-02 2.506619186315532932e-01
6.307546299999999828e-02 2.484382723252335501e-01
6.335767999999999955e-02 2.462375790314987045e-01
6.363989700000000083e-02 2.440599707687662046e-01
6.392211300000000263e-02 2.419055841218726299e-01
6.420433000000000390e-02 2.397741832721793920e-01
6.448654700000000517e-02 2.376653947153971880e-01
6.476876400000000644e-02 2.355789701008886294e-01
6.505098099999999384e-02 2.335148837178749048e-01
6.533319799999999511e-02 2.314731053759745694e-01
6.561541399999999691e-02 2.294534383650305986e-01
6.589763099999999818e-02 2.274555934780181643e-01
6.617984799999999945e-02 2.254793683425344586e-01
6.646206500000000073e-02 2.235246516553203167e-01
6.674428200000000200e-02 2.215913296085733897e-01
6.702649900000000327e-02 2.196792248088999533e-01
6.730871600000000454e-02 2.177881368035656240e-01
6.759093200000000634e-02 2.159178968097805462e-01
6.787314899999999374e-02 2.140683501274970313e-01
6.815536599999999501e-02 2.122393542194354055e-01
6.843758299999999628e-02 2.104307057543084447e-01
6.871979999999999755e-02 2.086421847643084027e-01
6.900201699999999883e-02 2.068736159866127744e-01
6.928423300000000062e-02 2.051248847892925276e-01
6.956645000000000190e-02 2.033958422616579387e-01
6.984866700000000317e-02 2.016862681152411796e-01
7.013088400000000444e-02 1.999959117648807960e-01
7.041310100000000571e-02 1.983245919497089449e-01
7.069531799999999311e-02 1.966722036117460326e-01
7.097753399999999491e-02 1.950386252161589173e-01
7.125975099999999618e-02 1.934236080114559442e-01
7.154196799999999745e-02 1.918268955922027563e-01
7.182418499999999872e-02 1.902483123735090598e-01
7.210640200000000000e-02 1.886877687267858594e-01
7.238861900000000127e-02 1.871451487460188690e-01
7.267083500000000307e-02 1.856202299318217008e-01
7.295305200000000434e-02 1.841127513307251884e-01
7.323526900000000561e-02 1.826225418337582007e-01
7.351748600000000688e-02 1.811494907979751823e-01
7.379970299999999428e-02 1.796934591751333521e-01
7.408191999999999555e-02 1.782542057609630137e-01
7.436413599999999735e-02 1.768314792514407152e-01
7.464635299999999862e-02 1.754251112988672590e-01
7.492856999999999990e-02 1.740350278857143440e-01
7.521078700000000117e-02 1.726610994854746173e-01
7.549300400000000244e-02 1.713030405314413529e-01
7.577522100000000371e-02 1.699605498790104918e-01
7.605743700000000551e-02 1.686335126104332727e-01
7.633965400000000678e-02 1.673219318071915707e-01
7.662187099999999418e-02 1.660257226911287243e-01
7.690408799999999545e-02 1.647445183904427402e-01
7.718630499999999672e-02 1.634779296484411004e-01
7.746852199999999800e-02 1.622258396773777478e-01
7.775073799999999979e-02 1.609883145204316912e-01
7.803295500000000107e-02 1.597652989693417735e-01
7.831517200000000234e-02 1.585564882574301837e-01
7.859738900000000361e-02 1.573615532420861163e-01
7.887960600000000488e-02 1.561803504983868274e-01
7.916182300000000616e-02 1.550128458887714000e-01
7.944403899999999408e-02 1.538589355466942199e-01
7.972625599999999535e-02 1.527183442387571033e-01
8.000847299999999662e-02 1.515908025441112805e-01
8.029068999999999789e-02 1.504761613834228740e-01
8.057290699999999917e-02 1.493743374576168015e-01
8.085512400000000044e-02 1.482852127808890197e-01
8.113734000000000224e-02 1.472086061593166073e-01
8.141955700000000351e-02 1.461443227535647871e-01
8.170177400000000478e-02 1.450922209581667066e-01
8.198399100000000606e-02 1.440521748991859807e-01
8.226620799999999345e-02 1.430240321010961269e-01
8.254842499999999472e-02 1.420075944964718784e-01
8.283064099999999652e-02 1.410026709587917926e-01
8.311285799999999779e-02 1.400091146319483171e-01
8.339507499999999907e-02 1.390268125765598828e-01
8.367729200000000034e-02 1.380556343198935110e-01
8.395950900000000161e-02 1.370954278325670073e-01
8.424172600000000288e-02 1.361460400103437773e-01
8.452394300000000416e-02 1.352073224214439817e-01
8.480615900000000595e-02 1.342791315017355935e-01
8.508837599999999335e-02 1.333613054507611639e-01
8.537059299999999462e-02 1.324536807442330544e-01
8.565280999999999589e-02 1.315561005212682599e-01
8.593502699999999717e-02 1.306684672115646650e-01
8.621724399999999844e-02 1.297907020253541988e-01
8.649946000000000024e-02 1.289226787658890039e-01
8.678167700000000151e-02 1.280641990554561016e-01
8.706389400000000278e-02 1.272150829992092502e-01
8.734611100000000405e-02 1.263752117702270084e-01
8.762832800000000533e-02 1.255444852636802833e-01
8.791054500000000660e-02 1.247227817885481760e-01
8.819276099999999452e-02 1.239099582186413556e-01
8.847497799999999579e-02 1.231058668970741177e-01
8.875719499999999706e-02 1.223103921040562120e-01
8.903941199999999834e-02 1.215234212146435178e-01
8.932162899999999961e-02 1.207448346251423776e-01
8.960384600000000088e-02 1.199745056427397177e-01
8.988606200000000268e-02 1.192123178851052095e-01
9.016827900000000395e-02 1.184581773743953598e-01
9.045049600000000523e-02 1.177120026215236204e-01
9.073271300000000650e-02 1.169736511972580412e-01
9.101492999999999389e-02 1.162429272919276030e-01
9.129714699999999516e-02 1.155196623800177069e-01
9.157936299999999696e-02 1.148037903662884607e-01
9.186157999999999824e-02 1.140952568894338104e-01
9.214379699999999951e-02 1.133939821859894226e-01
9.242601400000000078e-02 1.126998566166422938e-01
9.270823100000000205e-02 1.120127651744936281e-01
9.299044800000000333e-02 1.113325790329208753e-01
9.327266400000000512e-02 1.106591714753024647e-01
9.355488100000000640e-02 1.099924422423467496e-01
9.383709799999999379e-02 1.093323232978961890e-01
9.411931499999999506e-02 1.086787305857889741e-01
9.440153199999999634e-02 1.080315414822467374e-01
9.468374899999999761e-02 1.073906289749304716e-01
9.496596499999999941e-02 1.067558939597483408e-01
9.524818200000000068e-02 1.061272478994904622e-01
9.553039900000000195e-02 1.055046220275577262e-01
9.581261600000000322e-02 1.048879760718832155e-01
9.609483300000000450e-02 1.042772647734038077e-01
9.637705000000000577e-02 1.036723408396422602e-01
9.665926599999999369e-02 1.030729976732154690e-01
9.694148299999999496e-02 1.024790884807188496e-01
9.722369999999999624e-02 1.018906182688410211e-01
9.750591699999999751e-02 1.013075995037345800e-01
9.778813399999999878e-02 1.007299564796537150e-01
9.807035100000000005e-02 1.001575656640195100e-01
9.835256700000000185e-02 9.959032611037131610e-02
9.863478400000000312e-02 9.902817184682904950e-02
9.891700100000000440e-02 9.847104522019299588e-02
9.919921800000000567e-02 9.791886659800538850e-02
9.948143499999999306e-02 9.737154651743501477e-02
9.976365199999999434e-02 9.682898905851648752e-02
1.000458679999999961e-01 9.629108902582460272e-02
1.003280849999999974e-01 9.575774611866319508e-02
1.006103019999999987e-01 9.522895021384109038e-02
1.008925190000000000e-01 9.470472512982691660e-02
1.011747360000000012e-01 9.418502396211686500e-02
1.014569530000000025e-01 9.366968831423115593e-02
1.017391690000000043e-01 9.315856853677093041e-02
1.020213860000000056e-01 9.265161593817899943e-02
1.023036030000000068e-01 9.214882849300229384e-02
1.025858199999999942e-01 9.165018065289212701e-02
1.028680369999999955e-01 9.115561597904404956e-02
1.031502539999999968e-01 9.066506680326805179e-02
1.034324699999999986e-01 9.017841713122307090e-02
1.037146869999999999e-01 8.969553080553778479e-02
1.039969040000000011e-01 8.921637080626992899e-02
1.042791210000000024e-01 8.874101843008389001e-02
1.045613380000000037e-01 8.826952093110096431e-02
1.048435550000000049e-01 8.780171634500856526e-02
1.051257720000000062e-01 8.733738152034045688e-02
1.054079879999999941e-01 8.687641657273728613e-02
1.056902049999999954e-01 8.641885693118117606e-02
1.059724219999999967e-01 8.596473906311102864e-02
1.062546389999999980e-01 8.551404613335580884e-02
1.065368559999999992e-01 8.506674540187990352e-02
1.068190730000000005e-01 8.462276523656903082e-02
1.071012890000000023e-01 8.418199511073602703e-02
1.073835060000000036e-01 8.374433960032832969e-02
1.076657230000000048e-01 8.330979346437474009e-02
1.079479400000000061e-01 8.287836871409400008e-02
1.082301569999999935e-01 8.245003079102107557e-02
1.085123739999999948e-01 8.202470141801128378e-02
1.087945899999999966e-01 8.160231158380001903e-02
1.090768069999999978e-01 8.118282099916529493e-02
1.093590239999999991e-01 8.076620129210647370e-02
1.096412410000000004e-01 8.035242509991183391e-02
1.099234580000000017e-01 7.994146718342591551e-02
1.102056750000000029e-01 7.953329366288225399e-02
1.104878910000000047e-01 7.912784490154674277e-02
1.107701080000000060e-01 7.872505356257063214e-02
1.110523249999999934e-01 7.832488469683093757e-02
1.113345419999999947e-01 7.792732336425213513e-02
1.116167589999999959e-01 7.753235203329693348e-02
1.118989759999999972e-01 7.713994444719095289e-02
1.121811919999999990e-01 7.675007394838405383e-02
1.124634090000000003e-01 7.636270628203324640e-02
1.127456260000000016e-01 7.597780891765278100e-02
1.130278430000000028e-01 7.559533225797518408e-02
1.133100600000000041e-01 7.521518783310143785e-02
1.135922770000000054e-01 7.483729031030891821e-02
1.138744929999999933e-01 7.446165578699448506e-02
1.141567099999999946e-01 7.408835821577468284e-02
1.144389269999999958e-01 7.371742280625409593e-02
1.147211439999999971e-01 7.334875400619465802e-02
1.150033609999999984e-01 7.298224764536610787e-02
1.152855779999999997e-01 7.261787158161235600e-02
1.155677940000000015e-01 7.225563509542978768e-02
1.158500110000000027e-01 7.189553782305578566e-02
1.161322280000000040e-01 7.153757081707039223e-02
1.164144450000000053e-01 7.118171741446299716e-02
1.166966620000000066e-01 7.082791924031910102e-02
1.169788789999999939e-01 7.047609754710278118e-02
1.172610949999999957e-01 7.012622337186136257e-02
1.175433119999999970e-01 6.977835130530146701e-02
1.178255289999999983e-01 6.943253368755983312e-02
1.181077459999999996e-01 6.908871008687626769e-02
1.183899630000000008e-01 6.874677055557348870e-02
1.186721800000000021e-01 6.840664453198071204e-02
1.189543960000000039e-01 6.806832650962195419e-02
1.192366130000000052e-01 6.773181657406679435e-02
1.195188300000000065e-01 6.739714063257318255e-02
1.198010469999999938e-01 6.706433157001852330e-02
1.200832639999999951e-01 6.673338408392473498e-02
1.203654809999999964e-01 6.640423741518122758e-02
1.206476979999999977e-01 6.607682987113347450e-02
1.209299139999999995e-01 6.575112072787031581e-02
1.212121310000000007e-01 6.542707380417502050e-02
1.214943480000000020e-01 6.510469132787902180e-02
1.217765650000000033e-01 6.478402007192300693e-02
1.220587820000000046e-01 6.446509133615266340e-02
1.223409990000000058e-01 6.414784108435221677e-02
1.226232149999999937e-01 6.383217783941488865e-02
1.229054319999999950e-01 6.351806904389856179e-02
1.231876489999999963e-01 6.320555900163664365e-02
1.234698659999999976e-01 6.289467900309958504e-02
1.237520829999999988e-01 6.258538678178535153e-02
1.240343000000000001e-01 6.227762066237334942e-02
1.243165160000000019e-01 6.197136021134426465e-02
1.245987330000000032e-01 6.166662451224631802e-02
1.248809500000000045e-01 6.136343266462329638e-02
1.251631669999999918e-01 6.106178111330908681e-02
1.254453839999999931e-01 6.076165949126627330e-02
1.257276009999999944e-01 6.046302854670018712e-02
1.260098169999999962e-01 6.016582231392278435e-02
1.262920339999999975e-01 5.986999246031855099e-02
1.265742509999999987e-01 5.957557279156355107e-02
1.268564680000000000e-01 5.928261082286220840e-02
1.271386850000000013e-01 5.899109957189654918e-02
1.274209020000000026e-01 5.870098478303086009e-02
1.277031180000000044e-01 5.841222764491424413e-02
1.279853350000000056e-01 5.812483756297141813e-02
1.282675520000000069e-01 5.783883583137735401e-02
1.285497690000000082e-01 5.755422058521137557e-02
1.288319860000000094e-01 5.727097263216986839e-02
1.291142030000000107e-01 5.698906828550266007e-02
1.293964190000000125e-01 5.670847332712694588e-02
1.296786360000000138e-01 5.642915175657434862e-02
1.299608529999999873e-01 5.615111327384037648e-02
1.302430699999999886e-01 5.587439667514518260e-02
1.305252869999999898e-01 5.559902054158353396e-02
1.308075039999999911e-01 5.532495025971681524e-02
1.310897199999999929e-01 5.505214585089427543e-02
1.313719369999999942e-01 5.478058758967223330e-02
1.316541539999999955e-01 5.451027338815090523e-02
1.319363709999999967e-01 5.424120529150554954e-02
1.322185879999999980e-01 5.397339645277716286e-02
1.325008049999999993e-01 5.370685768561369450e-02
1.327830210000000011e-01 5.344156224071978933e-02
1.330652380000000023e-01 5.317745866119954340e-02
1.333474550000000036e-01 5.291451671499698695e-02
1.336296720000000049e-01 5.265274340278621595e-02
1.339118890000000062e-01 5.239215293569662174e-02
1.341941060000000074e-01 5.213278159233668968e-02
1.344763220000000092e-01 5.187467732868166620e-02
1.347585390000000105e-01 5.161782841025093493e-02
1.350407560000000118e-01 5.136212108917988239e-02
1.353229730000000131e-01 5.110744967008836598e-02
1.356051899999999866e-01 5.085386263891682884e-02
1.358874069999999878e-01 5.060147850392188174e-02
1.361696239999999891e-01 5.035034256930799590e-02
1.364518399999999909e-01 5.010037951657908550e-02
1.367340569999999922e-01 4.985151046402375857e-02
1.370162739999999935e-01 4.960372964620303471e-02
1.372984909999999947e-01 4.935705945855659027e-02
1.375807079999999960e-01 4.911152125767480336e-02
1.378629249999999973e-01 4.886713472019380000e-02
1.381451409999999991e-01 4.862390984436685409e-02
1.384273580000000003e-01 4.838179209680915777e-02
1.387095750000000016e-01 4.814070818538471186e-02
1.389917920000000029e-01 4.790064621749121065e-02
1.392740090000000042e-01 4.766167777020873658e-02
1.395562260000000054e-01 4.742386209570605138e-02
1.398384420000000072e-01 4.718716336356183066e-02
1.401206590000000085e-01 4.695151318420596326e-02
1.404028760000000098e-01 4.671689540023483272e-02
1.406850930000000111e-01 4.648335311220059413e-02
1.409673100000000123e-01 4.625092153617243323e-02
1.412495270000000136e-01 4.601958208594334604e-02
1.415317429999999876e-01 4.578930131406090676e-02
1.418139599999999889e-01 4.556004537218119599e-02
1.420961769999999902e-01 4.533178509368901432e-02
1.423783939999999915e-01 4.510450661148553836e-02
1.426606109999999927e-01 4.487826272488257967e-02
1.429428279999999940e-01 4.465312055894759408e-02
1.432250439999999958e-01 4.442908030339985659e-02
1.435072609999999971e-01 4.420607311556546543e-02
1.437894779999999983e-01 4.398405132052688599e-02
1.440716949999999996e-01 4.376304642487215124e-02
1.443539120000000009e-01 4.354310504334967663e-02
1.446361290000000022e-01 4.332421007161428583e-02
1.449183450000000040e-01 4.310628858525716173e-02
1.452005620000000052e-01 4.288929517330814650e-02
1.454827790000000065e-01 4.267329146973326826e-02
1.457649960000000078e-01 4.245835470547186519e-02
1.460472130000000091e-01 4.224448002105612304e-02
1.463294300000000103e-01 4.203159678630971618e-02
1.466116460000000121e-01 4.181965591351700234e-02
1.468938630000000134e-01 4.160867249888074160e-02
1.471760799999999869e-01 4.139867450344116018e-02
1.474582969999999882e-01 4.118966852812092072e-02
1.477405139999999895e-01 4.098164628378089813e-02
1.480227309999999907e-01 4.077460044450791771e-02
1.483049469999999925e-01 4.056852780168334477e-02
1.485871639999999938e-01 4.036342426115961668e-02
1.488693809999999951e-01 4.015929681371829124e-02
1.491515979999999963e-01 3.995615746630091364e-02
1.494338149999999976e-01 3.975400711685742744e-02
1.497160319999999989e-01 3.955282042199940312e-02
1.499982480000000007e-01 3.935257163510773315e-02
1.502804650000000020e-01 3.915325989047126892e-02
1.505626820000000032e-01 3.895490221293627930e-02
1.508448990000000045e-01 3.875750444153096969e-02
1.511271160000000058e-01 3.856105002470211485e-02
1.514093330000000071e-01 3.836552144200053305e-02
1.516915490000000089e-01 3.817091842295582821e-02
1.519737660000000101e-01 3.797724733479303227e-02
1.522559830000000114e-01 3.778451481102417658e-02
1.525382000000000127e-01 3.759272325117702512e-02
1.528204169999999862e-01 3.740187492222211973e-02
1.531026339999999875e-01 3.721197412776463403e-02
1.533848509999999887e-01 3.702302584640756317e-02
1.536670669999999905e-01 3.683501361454527556e-02
1.539492839999999918e-01 3.664788155959568250e-02
1.542315009999999931e-01 3.646158472220394769e-02
1.545137179999999943e-01 3.627616425374044495e-02
1.547959349999999956e-01 3.609169714201505841e-02
1.550781519999999969e-01 3.590820933371120793e-02
1.553603679999999987e-01 3.572564949518880484e-02
1.556425850000000000e-01 3.554396561600120519e-02
1.559248020000000012e-01 3.536315542964554165e-02
1.562070190000000025e-01 3.518323389253220912e-02
1.564892360000000038e-01 3.500420641754409951e-02
1.567714530000000051e-01 3.482606527626118387e-02
1.570536690000000069e-01 3.464880458599983032e-02
1.573358860000000081e-01 3.447242836686292139e-02
1.576181030000000094e-01 3.429694613721062657e-02
1.579003200000000107e-01 3.412235396685935757e-02
1.581825370000000119e-01 3.394863206041862091e-02
1.584647540000000132e-01 3.377576528345811735e-02
1.587469699999999873e-01 3.360376630492156735e-02
1.590291869999999885e-01 3.343265331726424927e-02
1.593114039999999898e-01 3.326242290517803651e-02
1.595936209999999911e-01 3.309304487326808486e-02
1.598758379999999923e-01 3.292449745123213894e-02
1.601580549999999936e-01 3.275680082243286051e-02
1.604402709999999954e-01 3.258998540598242316e-02
1.607224879999999967e-01 3.242404308830827003e-02
1.610047049999999980e-01 3.225893048750533981e-02
1.612869219999999992e-01 3.209461630704097540e-02
1.615691390000000005e-01 3.193112369642973902e-02
1.618513560000000018e-01 3.176848726019723679e-02
1.621335720000000036e-01 3.160671309525364681e-02
1.624157890000000048e-01 3.144577913363561655e-02
1.626980060000000061e-01 3.128567158938037884e-02
1.629802230000000074e-01 3.112640155914832285e-02
1.632624400000000087e-01 3.096798316599346998e-02
1.635446570000000099e-01 3.081039169727888341e-02
1.638268730000000117e-01 3.065357114302761157e-02
1.641090900000000130e-01 3.049749432226868048e-02
1.643913069999999865e-01 3.034223044074567041e-02
1.646735239999999878e-01 3.018785867091238612e-02
1.649557409999999891e-01 3.003435594698376787e-02
1.652379579999999903e-01 2.988162360017736219e-02
1.655201739999999921e-01 2.972960414171260668e-02
1.658023909999999934e-01 2.957835248379795876e-02
1.660846079999999947e-01 2.942793874167518725e-02
1.663668249999999960e-01 2.927836711573786332e-02
1.666490419999999972e-01 2.912959823035348589e-02
1.669312589999999985e-01 2.898160115749109575e-02
1.672134750000000003e-01 2.883436768820923576e-02
1.674956920000000016e-01 2.868789296987921122e-02
1.677779090000000028e-01 2.854219120202234825e-02
1.680601260000000041e-01 2.839728646699541878e-02
1.683423430000000054e-01 2.825318609598628447e-02
1.686245600000000067e-01 2.810986108083227825e-02
1.689067770000000079e-01 2.796728001272322239e-02
1.691889930000000097e-01 2.782543332063681235e-02
1.694712100000000110e-01 2.768432156462297469e-02
1.697534270000000123e-01 2.754396105945684792e-02
1.700356440000000136e-01 2.740439488777293361e-02
1.703178609999999871e-01 2.726565793138617522e-02
1.706000779999999883e-01 2.712769354141256542e-02
1.708822939999999901e-01 2.699040203765086868e-02
1.711645109999999914e-01 2.685375136938084745e-02
1.714467279999999927e-01 2.671783123656722159e-02
1.717289449999999940e-01 2.658272624142295551e-02
1.720111619999999952e-01 2.644840259985969250e-02
1.722933789999999965e-01 2.631477606166968131e-02
1.725755949999999983e-01 2.618182006153510835e-02
1.728578119999999996e-01 2.604959620689280969e-02
1.731400290000000008e-01 2.591816015714719368e-02
1.734222460000000021e-01 2.578747174817534391e-02
1.737044630000000034e-01 2.565745507437525164e-02
1.739866800000000047e-01 2.552809443790503285e-02
1.742688960000000065e-01 2.539945932380823640e-02
1.745511130000000077e-01 2.527160623222397123e-02
1.748333300000000090e-01 2.514449273528649928e-02
1.751155470000000103e-01 2.501804261679508798e-02
1.753977640000000116e-01 2.489223266275570820e-02
1.756799810000000128e-01 2.476710686252120083e-02
1.759621969999999869e-01 2.464270234845704691e-02
1.762444139999999881e-01 2.451899739249569984e-02
1.765266309999999894e-01 2.439595516154520125e-02
1.768088479999999907e-01 2.427357830460072710e-02
1.770910649999999920e-01 2.415191511796781557e-02
1.773732819999999932e-01 2.403099718565861187e-02
1.776554979999999950e-01 2.391077202931984197e-02
1.779377149999999963e-01 2.379116538836295591e-02
1.782199319999999976e-01 2.367217040559223273e-02
1.785021489999999988e-01 2.355384802258437410e-02
1.787843660000000001e-01 2.343624143872539284e-02
1.790665830000000014e-01 2.331931223500373698e-02
1.793487990000000032e-01 2.320300527752276049e-02
1.796310160000000045e-01 2.308732135721924469e-02
1.799132330000000057e-01 2.297231573215838957e-02
1.801954500000000070e-01 2.285802166503773589e-02
1.804776670000000083e-01 2.274439034932395839e-02
1.807598840000000096e-01 2.263135895801597630e-02
1.810421000000000114e-01 2.251893018191711629e-02
1.813243170000000126e-01 2.240716023411472302e-02
1.816065339999999861e-01 2.229608546064620889e-02
1.818887509999999874e-01 2.218567137060201838e-02
1.821709679999999887e-01 2.207587211482786235e-02
1.824531849999999900e-01 2.196667435645502028e-02
1.827354009999999918e-01 2.185808978439867170e-02
1.830176179999999930e-01 2.175012658048929015e-02
1.832998349999999943e-01 2.164278589831367464e-02
1.835820519999999956e-01 2.153606721781574015e-02
1.838642689999999968e-01 2.142997142268706842e-02
1.841464859999999981e-01 2.132450033731091849e-02
1.844287029999999994e-01 2.121964935639034100e-02
1.847109190000000012e-01 2.111539834989277151e-02
1.849931360000000025e-01 2.101172698203433373e-02
1.852753530000000037e-01 2.090865209276229070e-02
1.855575700000000050e-01 2.080621220640815547e-02
1.858397870000000063e-01 2.070441886532120926e-02
1.861220040000000076e-01 2.060322337135276835e-02
1.864042200000000093e-01 2.050257450856149410e-02
1.866864370000000106e-01 2.040246919755591207e-02
1.869686540000000119e-01 2.030293262723396885e-02
1.872508710000000132e-01 2.020398618779942201e-02
1.875330879999999867e-01 2.010564389230098253e-02
1.878153049999999880e-01 2.000791683455205652e-02
1.880975209999999898e-01 1.991079933753454184e-02
1.883797379999999910e-01 1.981427609385044350e-02
1.886619549999999923e-01 1.971832419866293221e-02
1.889441719999999936e-01 1.962290517526722733e-02
1.892263889999999948e-01 1.952798733784641763e-02
1.895086059999999961e-01 1.943360033130449652e-02
1.897908219999999979e-01 1.933980092984962165e-02
1.900730389999999992e-01 1.924661107686934450e-02
1.903552560000000005e-01 1.915399943425323895e-02
1.906374730000000017e-01 1.906193346556144669e-02
1.909196900000000030e-01 1.897040656510563111e-02
1.912019070000000043e-01 1.887942244013400897e-02
1.914841230000000061e-01 1.878898404068830852e-02
1.917663400000000073e-01 1.869909176801561046e-02
1.920485570000000086e-01 1.860974625463642992e-02
1.923307740000000099e-01 1.852094432495757573e-02
1.926129910000000112e-01 1.843268164064960565e-02
1.928952080000000124e-01 1.834495690118582989e-02
1.931774239999999865e-01 1.825777305797414082e-02
1.934596409999999878e-01 1.817112970738493302e-02
1.937418579999999890e-01 1.808501367236607649e-02
1.940240749999999903e-01 1.799940708424774619e-02
1.943062919999999916e-01 1.791429100528335594e-02
1.945885089999999928e-01 1.782964524832673925e-02
1.948707249999999946e-01 1.774546494740758193e-02
1.951529419999999959e-01 1.766181256697533716e-02
1.954351589999999972e-01 1.757876724512492245e-02
1.957173759999999985e-01 1.749631907306545622e-02
1.959995929999999997e-01 1.741436438367883338e-02
1.962818100000000010e-01 1.733282704490090795e-02
1.965640260000000028e-01 1.725175985685089772e-02
1.968462430000000041e-01 1.717124321615583205e-02
1.971284600000000053e-01 1.709127718874855345e-02
1.974106770000000066e-01 1.701178413113704074e-02
1.976928940000000079e-01 1.693270920990107634e-02
1.979751110000000092e-01 1.685409006575876861e-02
1.982573270000000110e-01 1.677598316592082348e-02
1.985395440000000122e-01 1.669840705801042130e-02
1.988217610000000135e-01 1.662134920078438619e-02
1.991039779999999870e-01 1.654479205741682737e-02
1.993861949999999883e-01 1.646870640847048275e-02
1.996684119999999896e-01 1.639306263735834657e-02
1.999506289999999908e-01 1.631786019926445910e-02
2.002328449999999926e-01 1.624312137511310997e-02
2.005150619999999939e-01 1.616886121934584322e-02
2.007972789999999952e-01 1.609507568556121926e-02
2.010794959999999965e-01 1.602175723650516720e-02
2.013617129999999977e-01 1.594890188928950805e-02
2.016439299999999990e-01 1.587650815630240950e-02
2.019261460000000008e-01 1.580457792858164234e-02
2.022083630000000021e-01 1.573312010676262279e-02
2.024905800000000033e-01 1.566214319985852546e-02
2.027727970000000046e-01 1.559162878878330577e-02
2.030550140000000059e-01 1.552154171572463562e-02
2.033372310000000072e-01 1.545186355505656986e-02
2.036194470000000090e-01 1.538261458332672131e-02
2.039016640000000102e-01 1.531381778961672310e-02
2.041838810000000115e-01 1.524547884193632429e-02
2.044660980000000128e-01 1.517759288412475101e-02
2.047483149999999863e-01 1.511014962732313248e-02
2.050305319999999876e-01 1.504312800127671594e-02
2.053127479999999894e-01 1.497650998167293634e-02
2.055949649999999906e-01 1.491031219824564061e-02
2.058771819999999919e-01 1.484456973941552377e-02
2.061593989999999932e-01 1.477929197228025800e-02
2.064416159999999945e-01 1.471444159119482745e-02
2.067238329999999957e-01 1.464998161751637600e-02
2.070060489999999975e-01 1.458591519498732628e-02
2.072882659999999988e-01 1.452226287329427649e-02
2.075704830000000001e-01 1.445903612225942457e-02
2.078527000000000013e-01 1.439623004421143083e-02
2.081349170000000026e-01 1.433383875489611242e-02
2.084171340000000039e-01 1.427185975630243520e-02
2.086993500000000057e-01 1.421029212394514865e-02
2.089815670000000070e-01 1.414913276598951664e-02
2.092637840000000082e-01 1.408837700783855534e-02
2.095460010000000095e-01 1.402802012270606621e-02
2.098282180000000108e-01 1.396805942739495938e-02
2.101104350000000121e-01 1.390849294607911582e-02
2.103926510000000139e-01 1.384931730005515248e-02
2.106748679999999874e-01 1.379052633867402892e-02
2.109570849999999886e-01 1.373211713413322564e-02
2.112393019999999899e-01 1.367410088772615800e-02
2.115215189999999912e-01 1.361649284294685208e-02
2.118037359999999925e-01 1.355928764201723945e-02
2.120859519999999943e-01 1.350245543014164974e-02
2.123681689999999955e-01 1.344597290200770685e-02
2.126503859999999968e-01 1.338985735202553352e-02
2.129326029999999981e-01 1.333413675601778474e-02
2.132148199999999993e-01 1.327881993462400566e-02
2.134970370000000006e-01 1.322389498666480014e-02
2.137792530000000024e-01 1.316934727791893404e-02
2.140614700000000037e-01 1.311515378535318445e-02
2.143436870000000050e-01 1.306129125632317887e-02
2.146259040000000062e-01 1.300776279283441875e-02
2.149081210000000075e-01 1.295459741760250465e-02
2.151903380000000088e-01 1.290181707837178421e-02
2.154725540000000106e-01 1.284941399008055450e-02
2.157547710000000118e-01 1.279737351461837473e-02
2.160369880000000131e-01 1.274569199301882165e-02
2.163192049999999866e-01 1.269437476150353690e-02
2.166014219999999879e-01 1.264342017633454836e-02
2.168836389999999892e-01 1.259280278448357028e-02
2.171658559999999905e-01 1.254249448650401368e-02
2.174480719999999923e-01 1.249250198929495112e-02
2.177302889999999935e-01 1.244285899022127585e-02
2.180125059999999948e-01 1.239358859832854001e-02
2.182947229999999961e-01 1.234467919328001255e-02
2.185769399999999973e-01 1.229611347390413729e-02
2.188591569999999986e-01 1.224788175325199242e-02
2.191413730000000004e-01 1.219997997481901339e-02
2.194235900000000017e-01 1.215240501414775569e-02
2.197058070000000030e-01 1.210515768721879062e-02
2.199880240000000042e-01 1.205823966060594332e-02
2.202702410000000055e-01 1.201165808981326591e-02
2.205524580000000068e-01 1.196542361685174610e-02
2.208346740000000086e-01 1.191953216804185305e-02
2.211168910000000098e-01 1.187394450970341575e-02
2.213991080000000111e-01 1.182862290494527541e-02
2.216813250000000124e-01 1.178358935740455270e-02
2.219635420000000137e-01 1.173890048172166953e-02
2.222457589999999872e-01 1.169458138449307877e-02
2.225279749999999890e-01 1.165059090273452662e-02
2.228101919999999903e-01 1.160688324378985128e-02
2.230924089999999915e-01 1.156344957469770604e-02
2.233746259999999928e-01 1.152030004311368344e-02
2.236568429999999941e-01 1.147745327885105540e-02
2.239390599999999953e-01 1.143494343619441168e-02
2.242212759999999971e-01 1.139279818937832464e-02
2.245034929999999984e-01 1.135097997540892266e-02
2.247857099999999997e-01 1.130942183322301668e-02
2.250679270000000010e-01 1.126809487380974785e-02
2.253501440000000022e-01 1.122703463921780054e-02
2.256323610000000035e-01 1.118627989397905607e-02
2.259145770000000053e-01 1.114584939432433815e-02
2.261967940000000066e-01 1.110575257427323138e-02
2.264790110000000078e-01 1.106597478998757635e-02
2.267612280000000091e-01 1.102646427805312017e-02
2.270434450000000104e-01 1.098717693237112082e-02
2.273256620000000117e-01 1.094813372839795185e-02
2.276078780000000135e-01 1.090937957775339924e-02
2.278900949999999870e-01 1.087093250615062297e-02
2.281723119999999883e-01 1.083277485837098007e-02
2.284545289999999895e-01 1.079489002917214356e-02
2.287367459999999908e-01 1.075728170125265018e-02
2.290189629999999921e-01 1.071995993151597833e-02
2.293011789999999939e-01 1.068292065205787671e-02
2.295833959999999951e-01 1.064614189719748256e-02
2.298656129999999964e-01 1.060960769361676478e-02
2.301478299999999977e-01 1.057333377821673658e-02
2.304300469999999990e-01 1.053734445649954707e-02
2.307122640000000002e-01 1.050163836680753984e-02
2.309944800000000020e-01 1.046618584179934489e-02
2.312766970000000033e-01 1.043096243465453828e-02
2.315589140000000046e-01 1.039597407339433628e-02
2.318411310000000058e-01 1.036123419369504479e-02
2.321233480000000071e-01 1.032674892429248995e-02
2.324055650000000084e-01 1.029251708911822251e-02
2.326877820000000097e-01 1.025853705911835591e-02
2.329699980000000115e-01 1.022480681327339255e-02
2.332522150000000127e-01 1.019132433696498183e-02
2.335344319999999863e-01 1.015809730708656065e-02
2.338166489999999875e-01 1.012514169928353108e-02
2.340988659999999888e-01 1.009246185278364800e-02
2.343810829999999901e-01 1.006002207784146424e-02
2.346632989999999919e-01 1.002778081075734497e-02
2.349455159999999931e-01 9.995735149327965308e-03
2.352277329999999944e-01 9.963914285724609701e-03
2.355099499999999957e-01 9.932341887050959509e-03
2.357921669999999970e-01 9.901022706307128010e-03
2.360743839999999982e-01 9.869957049442252758e-03
2.363566000000000000e-01 9.839132330876340649e-03
2.366388170000000013e-01 9.808526106914326054e-03
2.369210340000000026e-01 9.778124208530756048e-03
2.372032510000000038e-01 9.747934115167916636e-03
2.374854680000000051e-01 9.717966119004675662e-03
2.377676850000000064e-01 9.688221232861100526e-03
2.380499010000000082e-01 9.658694443966133608e-03
2.383321180000000095e-01 9.629383125002949004e-03
2.386143350000000107e-01 9.600291650914569153e-03
2.388965520000000120e-01 9.571423913622652269e-03
2.391787690000000133e-01 9.542769672587395058e-03
2.394609859999999868e-01 9.514310339991874713e-03
2.397432019999999886e-01 9.486039392263249589e-03
2.400254189999999899e-01 9.457975762144651619e-03
2.403076359999999911e-01 9.430139291635449006e-03
2.405898529999999924e-01 9.402525073781829723e-03
2.408720699999999937e-01 9.375115083224713416e-03
2.411542869999999950e-01 9.347900057594577677e-03
2.414365029999999968e-01 9.320887837601132472e-03
2.417187199999999980e-01 9.294085841873047510e-03
2.420009369999999993e-01 9.267485315132118970e-03
2.422831540000000006e-01 9.241069565969321081e-03
2.425653710000000018e-01 9.214827492437039150e-03
2.428475880000000031e-01 9.188757690556294960e-03
2.431298040000000049e-01 9.162863015284220328e-03
2.434120210000000062e-01 9.137168712946534474e-03
2.436942380000000075e-01 9.111709512831247040e-03
2.439764550000000087e-01 9.086487183038350832e-03
2.442586720000000100e-01 9.061452570259110120e-03
2.445408890000000113e-01 9.036560708945505505e-03
2.448231050000000131e-01 9.011820121929893512e-03
2.451053219999999866e-01 8.987259272603508389e-03
2.453875389999999879e-01 8.962890625078654902e-03
2.456697559999999891e-01 8.938703823899597084e-03
2.459519729999999904e-01 8.914688549169855897e-03
2.462341899999999917e-01 8.890843996260062998e-03
2.465164059999999935e-01 8.867172687622838431e-03
2.467986229999999948e-01 8.843675948930004513e-03
2.470808399999999960e-01 8.820354165597271007e-03
2.473630569999999973e-01 8.797208771720467849e-03
2.476452739999999986e-01 8.774247130731173058e-03
2.479274909999999998e-01 8.751477697560204605e-03
2.482097080000000011e-01 8.728887805408426862e-03
2.484919240000000029e-01 8.706440911474083028e-03
2.487741410000000042e-01 8.684108931204678750e-03
2.490563580000000055e-01 8.661907557003795458e-03
2.493385750000000067e-01 8.639863960324047076e-03
2.496207920000000080e-01 8.617998132513546988e-03
2.499030090000000093e-01 8.596322715086547259e-03
2.501852250000000111e-01 8.574840499659099058e-03
2.504674419999999846e-01 8.553516891312201720e-03
2.507496590000000136e-01 8.532310461920407721e-03
2.510318759999999871e-01 8.511218449853766299e-03
2.513140930000000162e-01 8.490273887191831723e-03
2.515963099999999897e-01 8.469502559148568005e-03
2.518785259999999915e-01 8.448900733710018596e-03
2.521607430000000205e-01 8.428458150422661957e-03
2.524429599999999940e-01 8.408165723796210897e-03
2.527251770000000231e-01 8.388015091475081383e-03
2.530073939999999966e-01 8.367997243879734398e-03
2.532896110000000256e-01 8.348101111977503791e-03
2.535718270000000274e-01 8.328317214341586158e-03
2.538540440000000009e-01 8.308663473186234105e-03
2.541362609999999744e-01 8.289178757134231523e-03
2.544184780000000035e-01 8.269882347774475118e-03
2.547006949999999770e-01 8.250738768218914346e-03
2.549829120000000060e-01 8.231705815586902453e-03
2.552651280000000078e-01 8.212773077468562416e-03
2.555473449999999813e-01 8.193951440711912809e-03
2.558295620000000103e-01 8.175252101632548771e-03
2.561117789999999839e-01 8.156685456627106243e-03
2.563939960000000129e-01 8.138260955565560298e-03
2.566762129999999864e-01 8.119979019696256170e-03
2.569584289999999882e-01 8.101834607562497306e-03
2.572406460000000172e-01 8.083819090858703274e-03
2.575228629999999908e-01 8.065916781873192290e-03
2.578050800000000198e-01 8.048113765259632540e-03
2.580872969999999933e-01 8.030422449815713057e-03
2.583695140000000223e-01 8.012869593449239991e-03
2.586517300000000241e-01 7.995470080422971415e-03
2.589339469999999976e-01 7.978214905254688016e-03
2.592161640000000267e-01 7.961090430047617836e-03
2.594983810000000002e-01 7.944065944452669004e-03
2.597805979999999737e-01 7.927102775228060672e-03
2.600628150000000027e-01 7.910198668007023190e-03
2.603450310000000045e-01 7.893415710924575265e-03
2.606272479999999780e-01 7.876811506396920112e-03
2.609094650000000071e-01 7.860364966615194030e-03
2.611916819999999806e-01 7.844020541120207829e-03
2.614738990000000096e-01 7.827749866876091908e-03
2.617561159999999831e-01 7.811567925974058010e-03
2.620383319999999849e-01 7.795490265632832975e-03
2.623205490000000140e-01 7.779510852896440003e-03
2.626027659999999875e-01 7.763615727152377126e-03
2.628849830000000165e-01 7.747808357198292771e-03
2.631671999999999900e-01 7.732117210801039107e-03
2.634494170000000191e-01 7.716566972596432435e-03
2.637316330000000208e-01 7.701149975400565888e-03
2.640138499999999944e-01 7.685846971996717139e-03
2.642960670000000234e-01 7.670639516960823905e-03
2.648605010000000259e-01 7.640445294102976397e-03
2.651427179999999995e-01 7.625455968629128896e-03
2.654249349999999730e-01 7.610559553242915269e-03
2.657071509999999748e-01 7.595768078140334618e-03
2.659893680000000038e-01 7.581086905317639332e-03
2.662715849999999773e-01 7.566517267732074392e-03
2.665538020000000063e-01 7.552042784741617304e-03
2.668360189999999799e-01 7.537642884610185230e-03
2.671182360000000089e-01 7.523315120674934492e-03
2.674004520000000107e-01 7.509076093269921245e-03
2.676826689999999842e-01 7.494937136906847965e-03
2.679648860000000132e-01 7.480885807245292798e-03
2.682471029999999867e-01 7.466904303330796147e-03
2.685293200000000158e-01 7.452988324035391202e-03
2.688115369999999893e-01 7.439146339308541980e-03
2.690937529999999911e-01 7.425390840064326724e-03
2.693759700000000201e-01 7.411746454198864589e-03
2.696581869999999936e-01 7.398237636178021069e-03
2.699404040000000227e-01 7.384835434447714966e-03
2.702226209999999962e-01 7.371465358284366373e-03
2.705048380000000252e-01 7.358085727932527076e-03
2.707870540000000270e-01 7.344762852644525636e-03
2.710692710000000005e-01 7.331578565530127989e-03
2.713514879999999740e-01 7.318532024628112038e-03
2.716337050000000031e-01 7.305558591342468239e-03
2.719159219999999766e-01 7.292618799774969185e-03
2.721981390000000056e-01 7.279748466360034739e-03
2.724803550000000074e-01 7.266991598091207191e-03
2.727625719999999809e-01 7.254328136849574199e-03
2.730447890000000100e-01 7.241693867645793321e-03
2.733270059999999835e-01 7.229058949194356806e-03
2.736092230000000125e-01 7.216482082908152323e-03
2.738914399999999860e-01 7.204028871805096337e-03
2.741736559999999878e-01 7.191689708785801993e-03
2.744558730000000168e-01 7.179407924865602135e-03
2.747380899999999904e-01 7.167152800845735632e-03
2.750203070000000194e-01 7.154953114542898958e-03
2.753025239999999929e-01 7.142841976952538433e-03
2.755847410000000219e-01 7.130815844816097704e-03
2.758669570000000237e-01 7.118850680567555787e-03
2.761491739999999973e-01 7.106932941667925760e-03
2.764313910000000263e-01 7.095071039522800500e-03
2.767136079999999998e-01 7.083274859754969989e-03
2.769958249999999733e-01 7.071544939813975694e-03
2.772780420000000023e-01 7.059877143264818404e-03
2.775602580000000041e-01 7.048271921989361644e-03
2.778424749999999777e-01 7.036737883425393976e-03
2.781246920000000067e-01 7.025280964540666154e-03
2.784069089999999802e-01 7.013879652435188114e-03
2.786891260000000092e-01 7.002500413374440624e-03
2.789713429999999827e-01 6.991136644845196563e-03
2.792535589999999845e-01 6.979825629033418501e-03
2.798179929999999871e-01 6.957462661088957209e-03
2.801002100000000161e-01 6.946385422287721517e-03
2.803824269999999896e-01 6.935357714093662307e-03
2.806646440000000187e-01 6.924377641555944443e-03
2.809468609999999922e-01 6.913443775662113551e-03
2.812290769999999940e-01 6.902552261052723008e-03
2.815112940000000230e-01 6.891698461084366789e-03
2.817935109999999965e-01 6.880886986725602388e-03
2.820757280000000256e-01 6.870134450853139507e-03
2.823579449999999991e-01 6.859452907816137625e-03
2.826401619999999726e-01 6.848826523404670866e-03
2.829223779999999744e-01 6.838231149378133297e-03
2.832045950000000034e-01 6.827663585980987132e-03
2.834868119999999769e-01 6.817145796741053490e-03
2.837690290000000060e-01 6.806694951974716357e-03
2.840512459999999795e-01 6.796299615117186790e-03
2.843334630000000085e-01 6.785940555062212193e-03
2.846156790000000103e-01 6.775609843147918816e-03
2.848978959999999838e-01 6.765311531664388277e-03
2.851801130000000128e-01 6.755053040572818988e-03
2.854623299999999864e-01 6.744852644232290743e-03
2.857445470000000154e-01 6.734729998571283016e-03
2.860267639999999889e-01 6.724674280646177234e-03
2.863089799999999907e-01 6.714645180850600109e-03
2.868734139999999933e-01 6.694602594485537204e-03
2.871556310000000223e-01 6.684640128326019455e-03
2.874378479999999958e-01 6.674739264557906677e-03
2.877200650000000248e-01 6.664896211244838477e-03
2.880022810000000266e-01 6.655103208592149516e-03
2.882844980000000001e-01 6.645341189319448928e-03
2.885667149999999737e-01 6.635590813879159618e-03
2.888489320000000027e-01 6.625861968304645050e-03
2.891311489999999762e-01 6.616187602083292880e-03
2.894133660000000052e-01 6.606586483250415608e-03
2.896955820000000070e-01 6.597034731073528856e-03
2.899777989999999805e-01 6.587502430891355870e-03
2.902600160000000096e-01 6.577982564548683422e-03
2.905422329999999831e-01 6.568484286797115872e-03
2.908244500000000121e-01 6.559015556558972157e-03
2.911066669999999856e-01 6.549580364056975697e-03
2.916711000000000165e-01 6.530826974503146573e-03
2.922355340000000190e-01 6.512264296654616050e-03
2.925177509999999925e-01 6.503033884121227695e-03
2.927999680000000216e-01 6.493808848337352842e-03
2.930821840000000233e-01 6.484596377474428040e-03
2.933644009999999969e-01 6.475419948898859281e-03
2.936466180000000259e-01 6.466291018734407134e-03
2.939288349999999994e-01 6.457195607453882109e-03
2.942110519999999729e-01 6.448118717159984255e-03
2.947754850000000038e-01 6.430044395194616826e-03
2.950577019999999773e-01 6.421070605265684003e-03
2.953399190000000063e-01 6.412148053563681595e-03
2.956221359999999798e-01 6.403278681703462871e-03
2.961865699999999824e-01 6.385604815887654766e-03
2.964687870000000114e-01 6.376759910958443300e-03
2.967510030000000132e-01 6.367935316031125663e-03
2.970332199999999867e-01 6.359157585512864586e-03
2.973154370000000157e-01 6.350415910264864232e-03
2.975976539999999892e-01 6.341684287361519338e-03
2.978798710000000183e-01 6.332959752708244676e-03
2.981620879999999918e-01 6.324273937476480173e-03
2.984443039999999936e-01 6.315652908443846782e-03
2.987265210000000226e-01 6.307071945791289935e-03
2.992909550000000252e-01 6.289888377836889803e-03
2.995731719999999987e-01 6.281298455540748615e-03
2.998553890000000277e-01 6.272744905071865780e-03
3.001376049999999740e-01 6.264240505415278118e-03
3.007020389999999765e-01 6.247393807850229810e-03
3.009842560000000056e-01 6.239015026539535859e-03
3.015486900000000081e-01 6.222248350306716462e-03
3.018309060000000099e-01 6.213871093186633041e-03
3.021131229999999834e-01 6.205509473583516698e-03
3.023953400000000125e-01 6.197171650499778625e-03
3.029597740000000150e-01 6.180603035647576696e-03
3.032419909999999885e-01 6.172391961664891111e-03
3.035242069999999903e-01 6.164219501286601066e-03
3.038064240000000193e-01 6.156049363088873447e-03
3.040886409999999929e-01 6.147858162118356902e-03
3.046530749999999954e-01 6.131535303579256808e-03
3.049352920000000244e-01 6.123446044747328509e-03
3.052175080000000262e-01 6.115379613877439981e-03
3.054997249999999998e-01 6.107314437987367700e-03
3.057819419999999733e-01 6.099249734799225102e-03
3.069108090000000066e-01 6.067132619491651807e-03
3.074752430000000092e-01 6.051281056545009494e-03
3.077574599999999827e-01 6.043403234734076937e-03
3.083218939999999852e-01 6.027633488885187664e-03
3.086041099999999870e-01 6.019748545149515052e-03
3.088863270000000161e-01 6.011895309363604785e-03
3.094507610000000186e-01 5.996277159864887331e-03
3.097329779999999921e-01 5.988490355474519571e-03
3.100151950000000212e-01 5.980716418731863056e-03
3.102974110000000230e-01 5.972958200341637811e-03
3.105796279999999965e-01 5.965222354896360622e-03
3.108618450000000255e-01 5.957517874698938995e-03
3.111440619999999990e-01 5.949846961981286250e-03
3.114262789999999725e-01 5.942197454355982282e-03
3.117084960000000016e-01 5.934555867828574839e-03
3.122729289999999769e-01 5.919263337663154510e-03
3.128373629999999794e-01 5.903984186567508112e-03
3.134017969999999820e-01 5.888865741987795062e-03
3.136840140000000110e-01 5.881327776002549107e-03
3.142484469999999863e-01 5.866244970146136661e-03
3.145306640000000153e-01 5.858741966225375526e-03
3.148128809999999889e-01 5.851266502741726654e-03
3.150950980000000179e-01 5.843802764986067919e-03
3.153773149999999914e-01 5.836343530915478160e-03
3.156595309999999932e-01 5.828894856642613878e-03
3.159417480000000222e-01 5.821463269918940309e-03
3.162239649999999958e-01 5.814051829766323128e-03
3.165061820000000248e-01 5.806662143370488853e-03
3.167883989999999983e-01 5.799292609296232553e-03
3.170706160000000273e-01 5.791937192651765674e-03
3.173528319999999736e-01 5.784590410364278193e-03
3.179172659999999762e-01 5.769920827560089463e-03
3.181994830000000052e-01 5.762600308948360485e-03
3.184816999999999787e-01 5.755292223624474367e-03
3.187639170000000077e-01 5.748000609971264975e-03
3.190461330000000095e-01 5.740737123276069137e-03
3.193283499999999830e-01 5.733514888564956308e-03
3.196105670000000121e-01 5.726325384047771874e-03
3.198927839999999856e-01 5.719135618777467824e-03
3.201750010000000146e-01 5.711921675313916778e-03
3.204572179999999881e-01 5.704704445200108227e-03
3.207394339999999899e-01 5.697516079942648547e-03
3.210216510000000190e-01 5.690368344811127903e-03
3.213038679999999925e-01 5.683252456721044413e-03
3.218683019999999950e-01 5.669057810677718447e-03
3.221505190000000241e-01 5.661934830465486720e-03
3.224327350000000258e-01 5.654796214577477442e-03
3.229971689999999729e-01 5.640611140202347364e-03
3.232793860000000019e-01 5.633573569988491528e-03
3.238438200000000045e-01 5.619514662774130649e-03
3.241260360000000063e-01 5.612510150318461045e-03
3.244082529999999798e-01 5.605537534078439306e-03
3.246904700000000088e-01 5.598577163977303504e-03
3.249726869999999823e-01 5.591605961825592622e-03
3.252549040000000113e-01 5.584630430485402683e-03
3.258193369999999867e-01 5.570767133467952742e-03
3.261015540000000157e-01 5.563871587553973104e-03
3.263837709999999892e-01 5.556965935656796481e-03
3.266659880000000182e-01 5.550056042469144781e-03
3.269482049999999917e-01 5.543169535070037457e-03
3.272304220000000208e-01 5.536320793553010586e-03
3.275126380000000226e-01 5.529491151341939074e-03
3.277948549999999961e-01 5.522659062865766487e-03
3.280770720000000251e-01 5.515825505514133399e-03
3.283592889999999986e-01 5.509004986803517009e-03
3.286415060000000277e-01 5.502205795279444325e-03
3.289237230000000012e-01 5.495422320485565844e-03
3.292059399999999747e-01 5.488648354225696135e-03
3.294881559999999765e-01 5.481889103319786093e-03
