# q  I_recon
3.245493999999999810e-03 9.947591594445650554e-01
3.527709999999999874e-03 9.938121521396875435e-01
3.809926999999999845e-03 9.927876471190364427e-01
4.092143999999999816e-03 9.916859587506510199e-01
4.374361000000000221e-03 9.905074035755312423e-01
4.656577999999999759e-03 9.892523730948050709e-01
4.938795000000000164e-03 9.879213138623095247e-01
5.221011000000000228e-03 9.865146769113687375e-01
5.503227999999999766e-03 9.850328930987201081e-01
5.785445000000000171e-03 9.834764126817997498e-01
6.067661999999999708e-03 9.818457462980775263e-01
6.349879000000000114e-03 9.801414477281497062e-01
6.632095999999999651e-03 9.783640631005446897e-01
6.914311999999999715e-03 9.765141251634629205e-01
7.196529000000000120e-03 9.745921536279146258e-01
7.478745999999999658e-03 9.725987889644097661e-01
7.760963000000000063e-03 9.705347253845280076e-01
8.043180000000000468e-03 9.684006346208472449e-01
8.325397000000000006e-03 9.661971387346752760e-01
8.607613999999999543e-03 9.639248649215972353e-01
8.889829999999999607e-03 9.615845539706687761e-01
9.172046999999999145e-03 9.591769777534164820e-01
9.454264000000000417e-03 9.567029052562807667e-01
9.736480999999999955e-03 9.541630433528762723e-01
1.001869799999999949e-02 9.515581052156036890e-01
1.030091500000000077e-02 9.488889033150422758e-01
1.058313100000000083e-02 9.461563074238867888e-01
1.086534800000000037e-02 9.433611406444694092e-01
1.114756499999999990e-02 9.405042243783451328e-01
1.142978199999999944e-02 9.375863800150725513e-01
1.171199900000000071e-02 9.346085178168159757e-01
1.199421600000000025e-02 9.315715853001881319e-01
1.227643200000000032e-02 9.284764802787468518e-01
1.255864899999999985e-02 9.253239732596822975e-01
1.284086599999999939e-02 9.221148899370708030e-01
1.312308300000000066e-02 9.188502354134848726e-01
1.340530000000000020e-02 9.155310861207901496e-01
1.368751699999999974e-02 9.121584292486764056e-01
1.396973299999999980e-02 9.087331395532111111e-01
1.425194999999999934e-02 9.052560732368718499e-01
1.453416700000000061e-02 9.017282732446586513e-01
1.481638400000000015e-02 8.981508198807157672e-01
1.509860099999999969e-02 8.945247101654886235e-01
1.538081799999999923e-02 8.908508363388721873e-01
1.566303399999999929e-02 8.871301298120634060e-01
1.594525100000000056e-02 8.833636421932847815e-01
1.622746799999999837e-02 8.795525107211856763e-01
1.650968499999999964e-02 8.756977780101118380e-01
1.679190200000000091e-02 8.718003941743435181e-01
1.707411899999999871e-02 8.678613308673820415e-01
1.735633500000000051e-02 8.638816896028554959e-01
1.763855199999999832e-02 8.598625571763901521e-01
1.792076899999999959e-02 8.558049699618989203e-01
1.820298600000000086e-02 8.517098554288010659e-01
1.848520299999999866e-02 8.475781753229013615e-01
1.876741999999999994e-02 8.434110408852714125e-01
1.904963600000000173e-02 8.392096098025125794e-01
1.933185299999999954e-02 8.349749007120973454e-01
1.961407000000000081e-02 8.307078896878956620e-01
1.989628699999999861e-02 8.264095758449007123e-01
2.017850399999999988e-02 8.220811000622789688e-01
2.046072100000000116e-02 8.177236220296574265e-01
2.074293799999999896e-02 8.133381033198318066e-01
2.102515400000000076e-02 8.089253560157125822e-01
2.130737099999999856e-02 8.044862359969060517e-01
2.158958799999999983e-02 8.000219399112484808e-01
2.187180500000000111e-02 7.955336930955173580e-01
2.215402199999999891e-02 7.910225489981919100e-01
2.243623900000000018e-02 7.864894318045136945e-01
2.271845499999999851e-02 7.819353031948039767e-01
2.300067199999999978e-02 7.773611433624210143e-01
2.328288900000000106e-02 7.727679862681539058e-01
2.356510599999999886e-02 7.681567756226914678e-01
2.384732300000000013e-02 7.635284050146788903e-01
2.412954000000000140e-02 7.588838171412931599e-01
2.441175599999999973e-02 7.542240936026598508e-01
2.469397300000000101e-02 7.495502706323725617e-01
2.497618999999999881e-02 7.448632812040409945e-01
2.525840700000000008e-02 7.401639488618703133e-01
2.554062400000000135e-02 7.354531565364235135e-01
2.582284099999999916e-02 7.307319200171236151e-01
2.610505700000000096e-02 7.260012726654957449e-01
2.638727399999999876e-02 7.212620394583855177e-01
2.666949100000000003e-02 7.165150093687504551e-01
2.695170800000000130e-02 7.117610159626409638e-01
2.723392499999999911e-02 7.070010149313661341e-01
2.751614200000000038e-02 7.022359621104116156e-01
2.779835799999999871e-02 6.974667141009389670e-01
2.808057499999999998e-02 6.926940200695881344e-01
2.836279200000000125e-02 6.879187242903791466e-01
2.864500899999999906e-02 6.831417331478751853e-01
2.892722600000000033e-02 6.783639356633499595e-01
2.920944300000000160e-02 6.735860361286105658e-01
2.949165899999999993e-02 6.688086759094296063e-01
2.977387600000000120e-02 6.640325574200068859e-01
3.005609299999999900e-02 6.592586117833056925e-01
3.033831000000000028e-02 6.544877397289456944e-01
3.062052700000000155e-02 6.497206541826640036e-01
3.090274399999999935e-02 6.449579948539494456e-01
3.118496000000000115e-02 6.402004673345161878e-01
3.146717699999999895e-02 6.354487969496680488e-01
3.174939400000000023e-02 6.307037450969960046e-01
3.203161100000000150e-02 6.259659431045514477e-01
3.231382800000000277e-02 6.212359841161435581e-01
3.259604499999999710e-02 6.165145286677050640e-01
3.287826099999999890e-02 6.118023408136187280e-01
3.316047800000000018e-02 6.071001114038950819e-01
3.344269500000000145e-02 6.024084358565072739e-01
3.372491200000000272e-02 5.977278492342761318e-01
3.400712899999999705e-02 5.930589521893613325e-01
3.428934599999999833e-02 5.884024215863339347e-01
3.457156200000000013e-02 5.837589141791346137e-01
3.485377900000000140e-02 5.791288545092312390e-01
3.513599600000000267e-02 5.745126704226822811e-01
3.541821299999999700e-02 5.699109014622587566e-01
3.570042999999999828e-02 5.653242215503841983e-01
3.598264699999999955e-02 5.607532605230748368e-01
3.626486400000000082e-02 5.561984473830179354e-01
3.654708000000000262e-02 5.516601825945732784e-01
3.682929699999999695e-02 5.471389308763695558e-01
3.711151399999999823e-02 5.426353116438259461e-01
3.739373099999999950e-02 5.381498664824186928e-01
3.767594800000000077e-02 5.336829036917796198e-01
3.795816500000000204e-02 5.292346890899327638e-01
3.824038099999999690e-02 5.248056644454379693e-01
3.852259799999999818e-02 5.203963613446239700e-01
3.880481499999999945e-02 5.160073087627571331e-01
3.908703200000000072e-02 5.116388494223235162e-01
3.936924900000000199e-02 5.072912960872513199e-01
3.965146600000000326e-02 5.029650145383334214e-01
3.993368199999999812e-02 4.986604265707078598e-01
4.021589899999999940e-02 4.943778740323580001e-01
4.049811600000000067e-02 4.901176454919890513e-01
4.078033300000000194e-02 4.858800029174181190e-01
4.106255000000000321e-02 4.816652849439801432e-01
4.134476699999999755e-02 4.774738832979132930e-01
4.162698299999999935e-02 4.733061464528935391e-01
4.190920000000000062e-02 4.691622305095082823e-01
4.219141700000000189e-02 4.650423247021343576e-01
4.247363400000000316e-02 4.609467331848978167e-01
4.275585099999999750e-02 4.568758409053549907e-01
4.303806799999999877e-02 4.528299585579299569e-01
4.332028400000000057e-02 4.488092416051812084e-01
4.360250100000000184e-02 4.448137887165384274e-01
4.388471800000000311e-02 4.408438286225472291e-01
4.416693499999999745e-02 4.368996246145808726e-01
4.444915199999999872e-02 4.329814061488385102e-01
4.473136899999999999e-02 4.290893335041403023e-01
4.501358500000000179e-02 4.252235802060608805e-01
4.529580200000000306e-02 4.213843458595892266e-01
4.557801899999999740e-02 4.175719039051589143e-01
4.586023599999999867e-02 4.137863984103152259e-01
4.614245299999999994e-02 4.100277640624293563e-01
4.642467000000000121e-02 4.062959511069719754e-01
4.670688600000000301e-02 4.025912039707094103e-01
4.698910299999999735e-02 3.989138530288880435e-01
4.727131999999999862e-02 3.952641254698349704e-01
4.755353699999999989e-02 3.916420025502085900e-01
4.783575400000000116e-02 3.880474606972572627e-01
4.811797100000000244e-02 3.844805853328140954e-01
4.840018699999999729e-02 3.809415175894153571e-01
4.868240399999999857e-02 3.774303101937517280e-01
4.896462099999999984e-02 3.739469789834816704e-01
4.924683800000000111e-02 3.704915367502080170e-01
4.952905500000000238e-02 3.670640867029710819e-01
4.981127199999999672e-02 3.636647626778836129e-01
5.009348799999999852e-02 3.602936246017089394e-01
5.037570499999999979e-02 3.569505834003608435e-01
5.065792200000000106e-02 3.536356035345285531e-01
5.094013900000000233e-02 3.503487690938140164e-01
5.122235599999999667e-02 3.470902030370313640e-01
5.150457299999999794e-02 3.438599108000018334e-01
5.178678999999999921e-02 3.406577579957499879e-01
5.206900600000000101e-02 3.374836456342856228e-01
5.235122300000000228e-02 3.343375899844966415e-01
5.263343999999999662e-02 3.312196803647146082e-01
5.291565699999999789e-02 3.281299009384550103e-01
5.319787399999999916e-02 3.250681351109271922e-01
5.348009100000000043e-02 3.220342906212042000e-01
5.376230700000000223e-02 3.190284056665470547e-01
5.404452399999999657e-02 3.160505108026995247e-01
5.432674099999999784e-02 3.131005297118668596e-01
5.460895799999999911e-02 3.101782408171858685e-01
5.489117500000000038e-02 3.072834714277156709e-01
5.517339200000000166e-02 3.044162467429922247e-01
5.545560800000000345e-02 3.015766416315240894e-01
5.573782499999999779e-02 2.987646036005456862e-01
5.602004199999999906e-02 2.959800253691511340e-01
5.630225900000000033e-02 2.932227799752458730e-01
5.658447600000000161e-02 2.904927187607468375e-01
5.686669300000000288e-02 2.877896911933425228e-01
5.714890899999999774e-02 2.851135951004809543e-01
5.743112599999999901e-02 2.824643306217390903e-01
5.771334300000000028e-02 2.798418290762399452e-01
5.799556000000000155e-02 2.772460175889210898e-01
5.827777700000000283e-02 2.746768172273405528e-01
5.855999399999999716e-02 2.721340556183082793e-01
5.884220999999999896e-02 2.696175029239550325e-01
5.912442700000000023e-02 2.671269610342222323e-01
5.940664400000000150e-02 2.646624126996886539e-01
5.968886100000000278e-02 2.622238422676447800e-01
5.997107799999999711e-02 2.598110741065805529e-01
6.025329499999999838e-02 2.574238303691623875e-01
6.053551100000000018e-02 2.550619131895878744e-01
6.081772800000000145e-02 2.527252684690594053e-01
6.109994500000000273e-02 2.504138730879550967e-01
6.138216199999999706e-02 2.481275166299053425e-01
6.166437899999999833e-02 2.458658862659233724e-01
6.194659599999999960e-02 2.436287786804151589e-01
6.222881200000000140e-02 2.414162268428301228e-01
6.251102899999999574e-02 2.392282309424538511e-01
6.279324599999999701e-02 2.370644856655289845e-01
6.307546299999999828e-02 2.349245093217508518e-01
6.335767999999999955e-02 2.328080226107789030e-01
6.363989700000000083e-02 2.307151236943737471e-01
6.392211300000000263e-02 2.286459151071449092e-01
6.420433000000000390e-02 2.266001397235062886e-01
6.448654700000000517e-02 2.245774072660046417e-01
6.476876400000000644e-02 2.225774483391594893e-01
6.505098099999999384e-02 2.206002085237567245e-01
6.533319799999999511e-02 2.186456291913829175e-01
6.561541399999999691e-02 2.167134916499420805e-01
6.589763099999999818e-02 2.148034884060343874e-01
6.617984799999999945e-02 2.129153950475680956e-01
6.646206500000000073e-02 2.110490742957516763e-01
6.674428200000000200e-02 2.092043866452783230e-01
6.702649900000000327e-02 2.073811327732566767e-01
6.730871600000000454e-02 2.055790916609378238e-01
6.759093200000000634e-02 2.037980720291656667e-01
6.787314899999999374e-02 2.020378954473572297e-01
6.815536599999999501e-02 2.002983952771089371e-01
6.843758299999999628e-02 1.985793483040011187e-01
6.871979999999999755e-02 1.968805158959072710e-01
6.900201699999999883e-02 1.952017015614321560e-01
6.928423300000000062e-02 1.935427659973041614e-01
6.956645000000000190e-02 1.919035373805324796e-01
6.984866700000000317e-02 1.902837762564728585e-01
7.013088400000000444e-02 1.886832144885280393e-01
7.041310100000000571e-02 1.871016507335717394e-01
7.069531799999999311e-02 1.855389570693343482e-01
7.097753399999999491e-02 1.839949898881374502e-01
7.125975099999999618e-02 1.824694845790028885e-01
7.154196799999999745e-02 1.809621691417997169e-01
7.182418499999999872e-02 1.794728489791332926e-01
7.210640200000000000e-02 1.780014117439965293e-01
7.238861900000000127e-02 1.765477200135910918e-01
7.267083500000000307e-02 1.751115345417511571e-01
7.295305200000000434e-02 1.736925796536831212e-01
7.323526900000000561e-02 1.722906665829536665e-01
7.351748600000000688e-02 1.709056655600519614e-01
7.379970299999999428e-02 1.695374194986390970e-01
7.408191999999999555e-02 1.681856729838958064e-01
7.436413599999999735e-02 1.668501607935905795e-01
7.464635299999999862e-02 1.655306984729610076e-01
7.492856999999999990e-02 1.642271924542615391e-01
7.521078700000000117e-02 1.629394959975711266e-01
7.549300400000000244e-02 1.616673125378913223e-01
7.577522100000000371e-02 1.604103306642033488e-01
7.605743700000000551e-02 1.591684191966935003e-01
7.633965400000000678e-02 1.579415617169080965e-01
7.662187099999999418e-02 1.567296566380549927e-01
7.690408799999999545e-02 1.555323303327931506e-01
7.718630499999999672e-02 1.543491876983657529e-01
7.746852199999999800e-02 1.531800979811202279e-01
7.775073799999999979e-02 1.520251076488596254e-01
7.803295500000000107e-02 1.508841462369816255e-01
7.831517200000000234e-02 1.497569011944516471e-01
7.859738900000000361e-02 1.486430366040231710e-01
7.887960600000000488e-02 1.475423972110552484e-01
7.916182300000000616e-02 1.464549340804332245e-01
7.944403899999999408e-02 1.453805314342469790e-01
7.972625599999999535e-02 1.443189097536848320e-01
8.000847299999999662e-02 1.432697947959318263e-01
8.029068999999999789e-02 1.422330279416019749e-01
8.057290699999999917e-02 1.412085137097442156e-01
8.085512400000000044e-02 1.401961234747632623e-01
8.113734000000000224e-02 1.391956681079053737e-01
8.141955700000000351e-02 1.382069460525541527e-01
8.170177400000000478e-02 1.372298087850082060e-01
8.198399100000000606e-02 1.362641240794494890e-01
8.226620799999999345e-02 1.353097334991678058e-01
8.254842499999999472e-02 1.343664336790867386e-01
8.283064099999999652e-02 1.334340279260311235e-01
8.311285799999999779e-02 1.325123640418336135e-01
8.339507499999999907e-02 1.316013227535108021e-01
8.367729200000000034e-02 1.307007682856699826e-01
8.395950900000000161e-02 1.298105444942456166e-01
8.424172600000000288e-02 1.289304943236044554e-01
8.452394300000000416e-02 1.280604657763337317e-01
8.480615900000000595e-02 1.272003116436943027e-01
8.508837599999999335e-02 1.263498678173927969e-01
8.537059299999999462e-02 1.255089685907632702e-01
8.565280999999999589e-02 1.246774550431654083e-01
8.593502699999999717e-02 1.238552265476853126e-01
8.621724399999999844e-02 1.230422009585594445e-01
8.649946000000000024e-02 1.222382499276673667e-01
8.678167700000000151e-02 1.214431753905265005e-01
8.706389400000000278e-02 1.206567970703258524e-01
8.734611100000000405e-02 1.198789953784172579e-01
8.762832800000000533e-02 1.191096692957307468e-01
8.791054500000000660e-02 1.183486971370696500e-01
8.819276099999999452e-02 1.175959366060115863e-01
8.847497799999999579e-02 1.168512413835250535e-01
8.875719499999999706e-02 1.161144956513735227e-01
8.903941199999999834e-02 1.153855867142519337e-01
8.932162899999999961e-02 1.146643955878157289e-01
8.960384600000000088e-02 1.139507968992073267e-01
8.988606200000000268e-02 1.132446754436830100e-01
9.016827900000000395e-02 1.125459391070906118e-01
9.045049600000000523e-02 1.118545077805339488e-01
9.073271300000000650e-02 1.111702424284563145e-01
9.101492999999999389e-02 1.104929522975983541e-01
9.129714699999999516e-02 1.098224730328056647e-01
9.157936299999999696e-02 1.091587392900631309e-01
9.186157999999999824e-02 1.085016974623114056e-01
9.214379699999999951e-02 1.078512703244428605e-01
9.242601400000000078e-02 1.072073528967889822e-01
9.270823100000000205e-02 1.065698345662257074e-01
9.299044800000000333e-02 1.059385899144465876e-01
9.327266400000000512e-02 1.053134953307878763e-01
9.355488100000000640e-02 1.046944549500213734e-01
9.383709799999999379e-02 1.040814051940255058e-01
9.411931499999999506e-02 1.034742665597173095e-01
9.440153199999999634e-02 1.028729207292403275e-01
9.468374899999999761e-02 1.022772450021235402e-01
9.496596499999999941e-02 1.016871450127735249e-01
9.524818200000000068e-02 1.011025378263132046e-01
9.553039900000000195e-02 1.005233591322070991e-01
9.581261600000000322e-02 9.994957163063546146e-02
9.609483300000000450e-02 9.938113316847652090e-02
9.637705000000000577e-02 9.881790359255175626e-02
9.665926599999999369e-02 9.825968573022235419e-02
9.694148299999999496e-02 9.770634045600967710e-02
9.722369999999999624e-02 9.715787517469295920e-02
9.750591699999999751e-02 9.661430460370247497e-02
9.778813399999999878e-02 9.607555845298880459e-02
9.807035100000000005e-02 9.554152032018248253e-02
9.835256700000000185e-02 9.501209527842847946e-02
9.863478400000000312e-02 9.448722184054535178e-02
9.891700100000000440e-02 9.396684645511392542e-02
9.919921800000000567e-02 9.345089571258673178e-02
9.948143499999999306e-02 9.293928734484675769e-02
9.976365199999999434e-02 9.243193272466899979e-02
1.000458679999999961e-01 9.192873398714515587e-02
1.003280849999999974e-01 9.142959802286344806e-02
1.006103019999999987e-01 9.093451776256791796e-02
1.008925190000000000e-01 9.044351860413940569e-02
1.011747360000000012e-01 8.995655845598807265e-02
1.014569530000000025e-01 8.947348883174204015e-02
1.017391690000000043e-01 8.899416964076779790e-02
1.020213860000000056e-01 8.851855771966851694e-02
1.023036030000000068e-01 8.804665453291425636e-02
1.025858199999999942e-01 8.757843870448796253e-02
1.028680369999999955e-01 8.711385877961858037e-02
1.031502539999999968e-01 8.665285273706589686e-02
1.034324699999999986e-01 8.619531351389128626e-02
1.037146869999999999e-01 8.574111525431218905e-02
1.039969040000000011e-01 8.529022631473495708e-02
1.042791210000000024e-01 8.484272757506725049e-02
1.045613380000000037e-01 8.439866733788151110e-02
1.048435550000000049e-01 8.395789392985357480e-02
1.051257720000000062e-01 8.352019720164016725e-02
1.054079879999999941e-01 8.308548504870830187e-02
1.056902049999999954e-01 8.265379504521175313e-02
1.059724219999999967e-01 8.222516572835845972e-02
1.062546389999999980e-01 8.179958478834378766e-02
1.065368559999999992e-01 8.137702471818598904e-02
1.068190730000000005e-01 8.095742041658056387e-02
1.071012890000000023e-01 8.054066915292451556e-02
1.073835060000000036e-01 8.012668290802532622e-02
1.076657230000000048e-01 7.971546079310906641e-02
1.079479400000000061e-01 7.930701863397231210e-02
1.082301569999999935e-01 7.890132705171672145e-02
1.085123739999999948e-01 7.849831423018401033e-02
1.087945899999999966e-01 7.809791734003711239e-02
1.090768069999999978e-01 7.770010162568422030e-02
1.093590239999999991e-01 7.730484382436896007e-02
1.096412410000000004e-01 7.691212181555107108e-02
1.099234580000000017e-01 7.652191564837844406e-02
1.102056750000000029e-01 7.613419677565209931e-02
1.104878910000000047e-01 7.574891095593427881e-02
1.107701080000000060e-01 7.536599646450371781e-02
1.110523249999999934e-01 7.498542340932336236e-02
1.113345419999999947e-01 7.460718171933029830e-02
1.116167589999999959e-01 7.423125870294014494e-02
1.118989759999999972e-01 7.385763288077801247e-02
1.121811919999999990e-01 7.348628232620892098e-02
1.124634090000000003e-01 7.311717808698908749e-02
1.127456260000000016e-01 7.275029299729282584e-02
1.130278430000000028e-01 7.238558320422447401e-02
1.133100600000000041e-01 7.202296674936704834e-02
1.135922770000000054e-01 7.166236465465035399e-02
1.138744929999999933e-01 7.130379628979877094e-02
1.141567099999999946e-01 7.094733719392101734e-02
1.144389269999999958e-01 7.059301564362623072e-02
1.147211439999999971e-01 7.024074297602825312e-02
1.150033609999999984e-01 6.989042219124756705e-02
1.152855779999999997e-01 6.954202614078000555e-02
1.155677940000000015e-01 6.919556782838559572e-02
1.158500110000000027e-01 6.885105072796884884e-02
1.161322280000000040e-01 6.850846948238475953e-02
1.164144450000000053e-01 6.816781128797708145e-02
1.166966620000000066e-01 6.782902350109804024e-02
1.169788789999999939e-01 6.749203402271829189e-02
1.172610949999999957e-01 6.715681858152679207e-02
1.175433119999999970e-01 6.682343318900911544e-02
1.178255289999999983e-01 6.649193168146425026e-02
1.181077459999999996e-01 6.616225953206071597e-02
1.183899630000000008e-01 6.583431462793004618e-02
1.186721800000000021e-01 6.550803241613811778e-02
1.189543960000000039e-01 6.518341039276100146e-02
1.192366130000000052e-01 6.486045151193765845e-02
1.195188300000000065e-01 6.453918433061564541e-02
1.198010469999999938e-01 6.421964441812814950e-02
1.200832639999999951e-01 6.390182993215555440e-02
1.203654809999999964e-01 6.358568469963801761e-02
1.206476979999999977e-01 6.327115173967247375e-02
1.209299139999999995e-01 6.295819521099406402e-02
1.212121310000000007e-01 6.264678398860559771e-02
1.214943480000000020e-01 6.233692366848609528e-02
1.217765650000000033e-01 6.202866240623255978e-02
1.220587820000000046e-01 6.172203327721559329e-02
1.223409990000000058e-01 6.141697674335008100e-02
1.226232149999999937e-01 6.111340660962692739e-02
1.229054319999999950e-01 6.081129430240106437e-02
1.231876489999999963e-01 6.051068629653085645e-02
1.234698659999999976e-01 6.021161630660983033e-02
1.237520829999999988e-01 5.991404589091320343e-02
1.240343000000000001e-01 5.961791755476119475e-02
1.243165160000000019e-01 5.932321388548893182e-02
1.245987330000000032e-01 5.902995591849748841e-02
1.248809500000000045e-01 5.873816464381088898e-02
1.251631669999999918e-01 5.844783892231053546e-02
1.254453839999999931e-01 5.815897097221037898e-02
1.257276009999999944e-01 5.787152512294008178e-02
1.260098169999999962e-01 5.758543990808148022e-02
1.262920339999999975e-01 5.730067084393190846e-02
1.265742509999999987e-01 5.701725255761476430e-02
1.268564680000000000e-01 5.673523288549185695e-02
1.271386850000000013e-01 5.645460724727650870e-02
1.274209020000000026e-01 5.617532559432839023e-02
1.277031180000000044e-01 5.589735248745925089e-02
1.279853350000000056e-01 5.562069807183338266e-02
1.282675520000000069e-01 5.534538382194636313e-02
1.285497690000000082e-01 5.507140970004512082e-02
1.288319860000000094e-01 5.479875959978165734e-02
1.291142030000000107e-01 5.452741279864135177e-02
1.293964190000000125e-01 5.425733756165482258e-02
1.296786360000000138e-01 5.398850027749673569e-02
1.299608529999999873e-01 5.372091125160277647e-02
1.302430699999999886e-01 5.345460874551563601e-02
1.305252869999999898e-01 5.318961173540014131e-02
1.308075039999999911e-01 5.292588843838683110e-02
1.310897199999999929e-01 5.266340192490553962e-02
1.313719369999999942e-01 5.240213417202766594e-02
1.316541539999999955e-01 5.214208375837151022e-02
1.319363709999999967e-01 5.188325324889160595e-02
1.322185879999999980e-01 5.162565593171913880e-02
1.325008049999999993e-01 5.136930288550637519e-02
1.327830210000000011e-01 5.111416940827612221e-02
1.330652380000000023e-01 5.086020723081115941e-02
1.333474550000000036e-01 5.060738812469708220e-02
1.336296720000000049e-01 5.035571890419688473e-02
1.339118890000000062e-01 5.010521325498639572e-02
1.341941060000000074e-01 4.985590635012154825e-02
1.344763220000000092e-01 4.960784472800471023e-02
1.347585390000000105e-01 4.936101748818269574e-02
1.350407560000000118e-01 4.911531555367606300e-02
1.353229730000000131e-01 4.887063759415483793e-02
1.356051899999999866e-01 4.862703062739356236e-02
1.358874069999999878e-01 4.838460904095211873e-02
1.361696239999999891e-01 4.814341654836101769e-02
1.364518399999999909e-01 4.790338040674629871e-02
1.367340569999999922e-01 4.766442447416446848e-02
1.370162739999999935e-01 4.742654336654301972e-02
1.372984909999999947e-01 4.718975895793994096e-02
1.375807079999999960e-01 4.695409162618362914e-02
1.378629249999999973e-01 4.671955939352166742e-02
1.381451409999999991e-01 4.648617117674842814e-02
1.384273580000000003e-01 4.625387541193247409e-02
1.387095750000000016e-01 4.602260303378230555e-02
1.389917920000000029e-01 4.579234253392820697e-02
1.392740090000000042e-01 4.556316067548929483e-02
1.395562260000000054e-01 4.533511262851072643e-02
1.398384420000000072e-01 4.510816423087798954e-02
1.401206590000000085e-01 4.488225068065137408e-02
1.404028760000000098e-01 4.465735642816972412e-02
1.406850930000000111e-01 4.443352173925143450e-02
1.409673100000000123e-01 4.421077950279559549e-02
1.412495270000000136e-01 4.398911215918393375e-02
1.415317429999999876e-01 4.376848819639370114e-02
1.418139599999999889e-01 4.354887475572879335e-02
1.420961769999999902e-01 4.333024241427343298e-02
1.423783939999999915e-01 4.311257666248850123e-02
1.426606109999999927e-01 4.289592814690348227e-02
1.429428279999999940e-01 4.268036153900749835e-02
1.432250439999999958e-01 4.246587660654456420e-02
1.435072609999999971e-01 4.225240621905605037e-02
1.437894779999999983e-01 4.203990370831419549e-02
1.440716949999999996e-01 4.182839906746239900e-02
1.443539120000000009e-01 4.161793694127893101e-02
1.446361290000000022e-01 4.140850077687715375e-02
1.449183450000000040e-01 4.120002040717547775e-02
1.452005620000000052e-01 4.099245188256390310e-02
1.454827790000000065e-01 4.078585334252582406e-02
1.457649960000000078e-01 4.058029779409440263e-02
1.460472130000000091e-01 4.037577989775326809e-02
1.463294300000000103e-01 4.017223154308489919e-02
1.466116460000000121e-01 3.996960545801971076e-02
1.468938630000000134e-01 3.976791643672423354e-02
1.471760799999999869e-01 3.956719162103952692e-02
1.474582969999999882e-01 3.936743663970929119e-02
1.477405139999999895e-01 3.916864209760752280e-02
1.480227309999999907e-01 3.897079987300228199e-02
1.483049469999999925e-01 3.877390674897616268e-02
1.485871639999999938e-01 3.857795882333509702e-02
1.488693809999999951e-01 3.838296282979742485e-02
1.491515979999999963e-01 3.818893032241759550e-02
1.494338149999999976e-01 3.799586185083270173e-02
1.497160319999999989e-01 3.780373197734120116e-02
1.499982480000000007e-01 3.761251486030093433e-02
1.502804650000000020e-01 3.742220958325621905e-02
1.505626820000000032e-01 3.723283299431610904e-02
1.508448990000000045e-01 3.704439084342139171e-02
1.511271160000000058e-01 3.685686660736420261e-02
1.514093330000000071e-01 3.667024276956052514e-02
1.516915490000000089e-01 3.648451868064240405e-02
1.519737660000000101e-01 3.629970023854187100e-02
1.522559830000000114e-01 3.611579354354209348e-02
1.525382000000000127e-01 3.593280055397012063e-02
1.528204169999999862e-01 3.575072314578433413e-02
1.531026339999999875e-01 3.556956557331567709e-02
1.533848509999999887e-01 3.538933293222677745e-02
1.536670669999999905e-01 3.521000921841374587e-02
1.539492839999999918e-01 3.503153974087762357e-02
1.542315009999999931e-01 3.485388035774703713e-02
1.545137179999999943e-01 3.467707076526865134e-02
1.547959349999999956e-01 3.450118554779282171e-02
1.550781519999999969e-01 3.432624976973864400e-02
1.553603679999999987e-01 3.415221350683528972e-02
1.556425850000000000e-01 3.397902619847117944e-02
1.559248020000000012e-01 3.380668543660156344e-02
1.562070190000000025e-01 3.363520550619616273e-02
1.564892360000000038e-01 3.346459148882797302e-02
1.567714530000000051e-01 3.329483579291383361e-02
1.570536690000000069e-01 3.312593263181961428e-02
1.573358860000000081e-01 3.295788596544933780e-02
1.576181030000000094e-01 3.279070508147053503e-02
1.579003200000000107e-01 3.262438588830141734e-02
1.581825370000000119e-01 3.245890847826993914e-02
1.584647540000000132e-01 3.229425759814660846e-02
1.587469699999999873e-01 3.213044572303220409e-02
1.590291869999999885e-01 3.196749094242170436e-02
1.593114039999999898e-01 3.180539015340960035e-02
1.595936209999999911e-01 3.164411406303176133e-02
1.598758379999999923e-01 3.148364142687747752e-02
1.601580549999999936e-01 3.132399121619159482e-02
1.604402709999999954e-01 3.116519221403142581e-02
1.607224879999999967e-01 3.100723637249937908e-02
1.610047049999999980e-01 3.085008191908513581e-02
1.612869219999999992e-01 3.069369875854684876e-02
1.615691390000000005e-01 3.053810930760215286e-02
1.618513560000000018e-01 3.038334701053868256e-02
1.621335720000000036e-01 3.022941740891242624e-02
1.624157890000000048e-01 3.007629853812571197e-02
1.626980060000000061e-01 2.992397664755116690e-02
1.629802230000000074e-01 2.977246287828436838e-02
1.632624400000000087e-01 2.962177142702490662e-02
1.635446570000000099e-01 2.947187820245333184e-02
1.638268730000000117e-01 2.932272823768199491e-02
1.641090900000000130e-01 2.917429461921198716e-02
1.643913069999999865e-01 2.902664411620332549e-02
1.646735239999999878e-01 2.887985325701016362e-02
1.649557409999999891e-01 2.873389996161480192e-02
1.652379579999999903e-01 2.858868923079609450e-02
1.655201739999999921e-01 2.844416553202635395e-02
1.658023909999999934e-01 2.830038111008044421e-02
1.660846079999999947e-01 2.815740279977007807e-02
1.663668249999999960e-01 2.801523457507235776e-02
1.666490419999999972e-01 2.787383885170192227e-02
1.669312589999999985e-01 2.773318604968472156e-02
1.672134750000000003e-01 2.759326812913011004e-02
1.674956920000000016e-01 2.745408023278607390e-02
1.677779090000000028e-01 2.731563561364478906e-02
1.680601260000000041e-01 2.717795691902630956e-02
1.683423430000000054e-01 2.704105082698303117e-02
1.686245600000000067e-01 2.690488937328594510e-02
1.689067770000000079e-01 2.676944234390518998e-02
1.691889930000000097e-01 2.663470069835794513e-02
1.694712100000000110e-01 2.650066524935026924e-02
1.697534270000000123e-01 2.636735149922958890e-02
1.700356440000000136e-01 2.623479984055397327e-02
1.703178609999999871e-01 2.610304285685107611e-02
1.706000779999999883e-01 2.597202652729672587e-02
1.708822939999999901e-01 2.584165611991363562e-02
1.711645109999999914e-01 2.571190109432202470e-02
1.714467279999999927e-01 2.558284647191347988e-02
1.717289449999999940e-01 2.545457242508410156e-02
1.720111619999999952e-01 2.532704668587431457e-02
1.722933789999999965e-01 2.520018905668871059e-02
1.725755949999999983e-01 2.507397423908850134e-02
1.728578119999999996e-01 2.494846085388816026e-02
1.731400290000000008e-01 2.482370180165910378e-02
1.734222460000000021e-01 2.469965843435416308e-02
1.737044630000000034e-01 2.457625795923295761e-02
1.739866800000000047e-01 2.445348526363541955e-02
1.742688960000000065e-01 2.433140683719384537e-02
1.745511130000000077e-01 2.421007673016300002e-02
1.748333300000000090e-01 2.408945413948307759e-02
1.751155470000000103e-01 2.396946587914128984e-02
1.753977640000000116e-01 2.385008975127931100e-02
1.756799810000000128e-01 2.373136820755501405e-02
1.759621969999999869e-01 2.361333701665797521e-02
1.762444139999999881e-01 2.349597494141089649e-02
1.765266309999999894e-01 2.337924607874701521e-02
1.768088479999999907e-01 2.326315269406427355e-02
1.770910649999999920e-01 2.314774117226978470e-02
1.773732819999999932e-01 2.303304194489817769e-02
1.776554979999999950e-01 2.291900506475993624e-02
1.779377149999999963e-01 2.280555975233646698e-02
1.782199319999999976e-01 2.269269929624384910e-02
1.785021489999999988e-01 2.258048143251260159e-02
1.787843660000000001e-01 2.246894709713904287e-02
1.790665830000000014e-01 2.235805989701061813e-02
1.793487990000000032e-01 2.224776760282902444e-02
1.796310160000000045e-01 2.213807096899059190e-02
1.799132330000000057e-01 2.202902235464229003e-02
1.801954500000000070e-01 2.192065328256785628e-02
1.804776670000000083e-01 2.181291753139421100e-02
1.807598840000000096e-01 2.170575559284745881e-02
1.810421000000000114e-01 2.159916993281845929e-02
1.813243170000000126e-01 2.149321364148825547e-02
1.816065339999999861e-01 2.138792114380173165e-02
1.818887509999999874e-01 2.128326024424887636e-02
1.821709679999999887e-01 2.117918802754354540e-02
1.824531849999999900e-01 2.107569159685161730e-02
1.827354009999999918e-01 2.097278117126186864e-02
1.830176179999999930e-01 2.087046395885456054e-02
1.832998349999999943e-01 2.076874141104839352e-02
1.835820519999999956e-01 2.066761354709157825e-02
1.838642689999999968e-01 2.056708170898396970e-02
1.841464859999999981e-01 2.046714812375268616e-02
1.844287029999999994e-01 2.036780847478303347e-02
1.847109190000000012e-01 2.026904262309649207e-02
1.849931360000000025e-01 2.017083021462199796e-02
1.852753530000000037e-01 2.007318773456278835e-02
1.855575700000000050e-01 1.997615320464535965e-02
1.858397870000000063e-01 1.987973842065780469e-02
1.861220040000000076e-01 1.978389661132258157e-02
1.864042200000000093e-01 1.968857847222995824e-02
1.866864370000000106e-01 1.959378079931225689e-02
1.869686540000000119e-01 1.949952744552075484e-02
1.872508710000000132e-01 1.940583891686478712e-02
1.875330879999999867e-01 1.931272922266600092e-02
1.878153049999999880e-01 1.922020951325119700e-02
1.880975209999999898e-01 1.912827378960708230e-02
1.883797379999999910e-01 1.903690631439918304e-02
1.886619549999999923e-01 1.894608512753127860e-02
1.889441719999999936e-01 1.885577525836449470e-02
1.892263889999999948e-01 1.876594810460644955e-02
1.895086059999999961e-01 1.867663137386078170e-02
1.897908219999999979e-01 1.858787768459880391e-02
1.900730389999999992e-01 1.849970720483040329e-02
1.903552560000000005e-01 1.841209050273761791e-02
1.906374730000000017e-01 1.832499709616026290e-02
1.909196900000000030e-01 1.823842110634194685e-02
1.912019070000000043e-01 1.815236643231355959e-02
1.914841230000000061e-01 1.806683589448244628e-02
1.917663400000000073e-01 1.798182938087012489e-02
1.920485570000000086e-01 1.789734706040837717e-02
1.923307740000000099e-01 1.781338608971378898e-02
1.926129910000000112e-01 1.772994273157112860e-02
1.928952080000000124e-01 1.764701597042986000e-02
1.931774239999999865e-01 1.756460861511517646e-02
1.934596409999999878e-01 1.748272027297587475e-02
1.937418579999999890e-01 1.740133838983648831e-02
1.940240749999999903e-01 1.732044593834643903e-02
1.943062919999999916e-01 1.724002454842697707e-02
1.945885089999999928e-01 1.716005428016028136e-02
1.948707249999999946e-01 1.708053003592292785e-02
1.951529419999999959e-01 1.700151209028303786e-02
1.954351589999999972e-01 1.692307691072931705e-02
1.957173759999999985e-01 1.684521538865985102e-02
1.959995929999999997e-01 1.676782830641772651e-02
1.962818100000000010e-01 1.669084269610003612e-02
1.965640260000000028e-01 1.661430864087614159e-02
1.968462430000000041e-01 1.653830257534533860e-02
1.971284600000000053e-01 1.646282434503344022e-02
1.974106770000000066e-01 1.638779971591981452e-02
1.976928940000000079e-01 1.631317631966799908e-02
1.979751110000000092e-01 1.623899037532959902e-02
1.982573270000000110e-01 1.616529612485231165e-02
1.985395440000000122e-01 1.609211134858733183e-02
1.988217610000000135e-01 1.601942390546263334e-02
1.991039779999999870e-01 1.594721676246474776e-02
1.993861949999999883e-01 1.587546135758144752e-02
1.996684119999999896e-01 1.580412873169821653e-02
1.999506289999999908e-01 1.573321853680480567e-02
2.002328449999999926e-01 1.566275287778593275e-02
2.005150619999999939e-01 1.559274658156682876e-02
2.007972789999999952e-01 1.552319508095768678e-02
2.010794959999999965e-01 1.545409034555669976e-02
2.013617129999999977e-01 1.538542862882310604e-02
2.016439299999999990e-01 1.531720918873081920e-02
2.019261460000000008e-01 1.524943411721682400e-02
2.022083630000000021e-01 1.518211119293014395e-02
2.024905800000000033e-01 1.511524772720155597e-02
2.027727970000000046e-01 1.504882616115418847e-02
2.030550140000000059e-01 1.498281347977839517e-02
2.033372310000000072e-01 1.491719220675254316e-02
2.036194470000000090e-01 1.485198080735911780e-02
2.039016640000000102e-01 1.478720029997208571e-02
2.041838810000000115e-01 1.472285605918437039e-02
2.044660980000000128e-01 1.465894392513815772e-02
2.047483149999999863e-01 1.459545429211205579e-02
2.050305319999999876e-01 1.453236672363549149e-02
2.053127479999999894e-01 1.446966366374126053e-02
2.055949649999999906e-01 1.440736100090022308e-02
2.058771819999999919e-01 1.434549241205465564e-02
2.061593989999999932e-01 1.428406671762750928e-02
2.064416159999999945e-01 1.422304762416749802e-02
2.067238329999999957e-01 1.416239918861329945e-02
2.070060489999999975e-01 1.410212450358684991e-02
2.072882659999999988e-01 1.404224361794007350e-02
2.075704830000000001e-01 1.398276748369261732e-02
2.078527000000000013e-01 1.392369074125123993e-02
2.081349170000000026e-01 1.386500712516208593e-02
2.084171340000000039e-01 1.380671426818680901e-02
2.086993500000000057e-01 1.374881156843118547e-02
2.089815670000000070e-01 1.369129605278262760e-02
2.092637840000000082e-01 1.363416276744747538e-02
2.095460010000000095e-01 1.357740672929522510e-02
2.098282180000000108e-01 1.352102522679153943e-02
2.101104350000000121e-01 1.346501634237400394e-02
2.103926510000000139e-01 1.340937687755471355e-02
2.106748679999999874e-01 1.335410107796164599e-02
2.109570849999999886e-01 1.329918613514091165e-02
2.112393019999999899e-01 1.324464206599306262e-02
2.115215189999999912e-01 1.319048254172209070e-02
2.118037359999999925e-01 1.313670197332828665e-02
2.120859519999999943e-01 1.308327187059295932e-02
2.123681689999999955e-01 1.303017016473299004e-02
2.126503859999999968e-01 1.297741414712116209e-02
2.129326029999999981e-01 1.292503143382171121e-02
2.132148199999999993e-01 1.287302996164907919e-02
2.134970370000000006e-01 1.282139637874419973e-02
2.137792530000000024e-01 1.277011522925751430e-02
2.140614700000000037e-01 1.271916546395114589e-02
2.143436870000000050e-01 1.266852636632244400e-02
2.146259040000000062e-01 1.261820104974941542e-02
2.149081210000000075e-01 1.256821607191412060e-02
2.151903380000000088e-01 1.251859140312645835e-02
2.154725540000000106e-01 1.246931943713374541e-02
2.157547710000000118e-01 1.242038622953994462e-02
2.160369880000000131e-01 1.237178849913557130e-02
2.163192049999999866e-01 1.232353172199484280e-02
2.166014219999999879e-01 1.227561443395429330e-02
2.168836389999999892e-01 1.222801151904207712e-02
2.171658559999999905e-01 1.218069520708593180e-02
2.174480719999999923e-01 1.213367189737071805e-02
2.177302889999999935e-01 1.208697451337654473e-02
2.180125059999999948e-01 1.204062559662769614e-02
2.182947229999999961e-01 1.199461370188591169e-02
2.185769399999999973e-01 1.194892180994416853e-02
2.188591569999999986e-01 1.190354017265730577e-02
2.191413730000000004e-01 1.185846441680275636e-02
2.194235900000000017e-01 1.181369134157506107e-02
2.197058070000000030e-01 1.176922221649706959e-02
2.199880240000000042e-01 1.172505919045874027e-02
2.202702410000000055e-01 1.168120907517125953e-02
2.205524580000000068e-01 1.163768163799233125e-02
2.208346740000000086e-01 1.159447259519617163e-02
2.211168910000000098e-01 1.155154411692478622e-02
2.213991080000000111e-01 1.150885982520545928e-02
2.216813250000000124e-01 1.146644065443288077e-02
2.219635420000000137e-01 1.142434074358777626e-02
2.222457589999999872e-01 1.138258432522291051e-02
2.225279749999999890e-01 1.134113272080124191e-02
2.228101919999999903e-01 1.129994273493606025e-02
2.230924089999999915e-01 1.125900514667358202e-02
2.233746259999999928e-01 1.121832818441323605e-02
2.236568429999999941e-01 1.117792903650394014e-02
2.239390599999999953e-01 1.113784133274362161e-02
2.242212759999999971e-01 1.109809253339786965e-02
2.245034929999999984e-01 1.105864658764638825e-02
2.247857099999999997e-01 1.101943879905725905e-02
2.250679270000000010e-01 1.098044113629544419e-02
2.253501440000000022e-01 1.094168761612511649e-02
2.256323610000000035e-01 1.090321542812315928e-02
2.259145770000000053e-01 1.086504296773260596e-02
2.261967940000000066e-01 1.082717985043993997e-02
2.264790110000000078e-01 1.078961189683197777e-02
2.267612280000000091e-01 1.075228827703881944e-02
2.270434450000000104e-01 1.071516569059606863e-02
2.273256620000000117e-01 1.067826491032946266e-02
2.276078780000000135e-01 1.064163026663341935e-02
2.278900949999999870e-01 1.060527953202579539e-02
2.281723119999999883e-01 1.056919519230433563e-02
2.284545289999999895e-01 1.053336073504462095e-02
2.287367459999999908e-01 1.049777947547320296e-02
2.290189629999999921e-01 1.046246097487165370e-02
2.293011789999999939e-01 1.042740155175730064e-02
2.295833959999999951e-01 1.039258073927144810e-02
2.298656129999999964e-01 1.035798360589531078e-02
2.301478299999999977e-01 1.032362453727590779e-02
2.304300469999999990e-01 1.028952584576381044e-02
2.307122640000000002e-01 1.025568622171678899e-02
2.309944800000000020e-01 1.022207830868168167e-02
2.312766970000000033e-01 1.018867948553084553e-02
2.315589140000000046e-01 1.015549484672698469e-02
2.318411310000000058e-01 1.012253634899304248e-02
2.321233480000000071e-01 1.008980973911653874e-02
2.324055650000000084e-01 1.005731455576195157e-02
2.326877820000000097e-01 1.002504972698138597e-02
2.329699980000000115e-01 9.993013008997735092e-03
2.332522150000000127e-01 9.961202012646644746e-03
2.335344319999999863e-01 9.929624264469649048e-03
2.338166489999999875e-01 9.898295814389161673e-03
2.340988659999999888e-01 9.867221185094390140e-03
2.343810829999999901e-01 9.836365210112912871e-03
2.346632989999999919e-01 9.805686901164244879e-03
2.349455159999999931e-01 9.775183728071039010e-03
2.352277329999999944e-01 9.744885059114317613e-03
2.355099499999999957e-01 9.714814498258275352e-03
2.357921669999999970e-01 9.684976019831613436e-03
2.360743839999999982e-01 9.655369086102465886e-03
2.363566000000000000e-01 9.625981210851938807e-03
2.366388170000000013e-01 9.596790760994067249e-03
2.369210340000000026e-01 9.567784311491732765e-03
2.372032510000000038e-01 9.538969911406847135e-03
2.374854680000000051e-01 9.510358332753404698e-03
2.377676850000000064e-01 9.481950343601724604e-03
2.380499010000000082e-01 9.453740203129857092e-03
2.383321180000000095e-01 9.425724775535248776e-03
2.386143350000000107e-01 9.397908423227466918e-03
2.388965520000000120e-01 9.370295178130684521e-03
2.391787690000000133e-01 9.342875708379706073e-03
2.394609859999999868e-01 9.315632787006863230e-03
2.397432019999999886e-01 9.288560276256397491e-03
2.400254189999999899e-01 9.261675423841974134e-03
2.403076359999999911e-01 9.234996340489871197e-03
2.405898529999999924e-01 9.208518529920287077e-03
2.408720699999999937e-01 9.182225516670146359e-03
2.411542869999999950e-01 9.156109001720195983e-03
2.414365029999999968e-01 9.130176642199883813e-03
2.417187199999999980e-01 9.104435606961888000e-03
2.420009369999999993e-01 9.078877290864782734e-03
2.422831540000000006e-01 9.053485351786020457e-03
2.425653710000000018e-01 9.028248844208577178e-03
2.428475880000000031e-01 9.003166186791590822e-03
2.431298040000000049e-01 8.978240007987366156e-03
2.434120210000000062e-01 8.953495247477238905e-03
2.436942380000000075e-01 8.928966287473008925e-03
2.439764550000000087e-01 8.904655079120117611e-03
2.442586720000000100e-01 8.880513467350003784e-03
2.445408890000000113e-01 8.856497434717409273e-03
2.448231050000000131e-01 8.832615699730910624e-03
2.451053219999999866e-01 8.808896637607564056e-03
2.453875389999999879e-01 8.785352411705069087e-03
2.456697559999999891e-01 8.761972086149193498e-03
2.459519729999999904e-01 8.738744968337267688e-03
2.462341899999999917e-01 8.715671145061189978e-03
2.465164059999999935e-01 8.692754427658575672e-03
2.467986229999999948e-01 8.669996199722310865e-03
2.470808399999999960e-01 8.647395338645546062e-03
2.473630569999999973e-01 8.624952043038971658e-03
2.476452739999999986e-01 8.602674250455546318e-03
2.479274909999999998e-01 8.580571540529857363e-03
2.482097080000000011e-01 8.558632271050671536e-03
2.484919240000000029e-01 8.536820807873605338e-03
2.487741410000000042e-01 8.515109701115675805e-03
2.490563580000000055e-01 8.493514074394838131e-03
2.493385750000000067e-01 8.472060210958105159e-03
2.496207920000000080e-01 8.450767315412952355e-03
2.499030090000000093e-01 8.429647346400821403e-03
2.501852250000000111e-01 8.408702904601585149e-03
2.504674419999999846e-01 8.387901104479490721e-03
2.507496590000000136e-01 8.367202599155675394e-03
2.510318759999999871e-01 8.346605086026293724e-03
2.513140930000000162e-01 8.326140555648215910e-03
2.515963099999999897e-01 8.305833788126699632e-03
2.518785259999999915e-01 8.285680364227459085e-03
2.521607430000000205e-01 8.265669487821267550e-03
2.524429599999999940e-01 8.245792854329849972e-03
2.527251770000000231e-01 8.226043985279415938e-03
2.530073939999999966e-01 8.206415186998843384e-03
2.532896110000000256e-01 8.186894861348003455e-03
2.535718270000000274e-01 8.167472670522658504e-03
2.538540440000000009e-01 8.148166066495448126e-03
2.541362609999999744e-01 8.129013731489095895e-03
2.544184780000000035e-01 8.110034911397849891e-03
2.547006949999999770e-01 8.091194483025520093e-03
2.549829120000000060e-01 8.072450683599404625e-03
2.552651280000000078e-01 8.053793794366331457e-03
2.555473449999999813e-01 8.035235569790476901e-03
2.558295620000000103e-01 8.016787593200279741e-03
2.561117789999999839e-01 7.998459473888644769e-03
2.563939960000000129e-01 7.980259772643783986e-03
2.566762129999999864e-01 7.962188821836272898e-03
2.569584289999999882e-01 7.944241979063123432e-03
2.572406460000000172e-01 7.926411080098920078e-03
2.575228629999999908e-01 7.908681021639486081e-03
2.578050800000000198e-01 7.891038422319402931e-03
2.580872969999999933e-01 7.873495590895921922e-03
2.586517300000000241e-01 7.838802556864213344e-03
2.589339469999999976e-01 7.821657187698140973e-03
2.592161640000000267e-01 7.804628779014593370e-03
2.594983810000000002e-01 7.787688405951870285e-03
2.597805979999999737e-01 7.770800190986716476e-03
2.600628150000000027e-01 7.753962651041989944e-03
2.603450310000000045e-01 7.737235065017384131e-03
2.606272479999999780e-01 7.720672300966418926e-03
2.609094650000000071e-01 7.704253725334868873e-03
2.611916819999999806e-01 7.687925640357877802e-03
2.614738990000000096e-01 7.671660887389706272e-03
2.617561159999999831e-01 7.655474615275328736e-03
2.620383319999999849e-01 7.639382467983841900e-03
2.623205490000000140e-01 7.623378650001899626e-03
2.626027659999999875e-01 7.607449482263453633e-03
2.628849830000000165e-01 7.591598147437575786e-03
2.631671999999999900e-01 7.575852016426171294e-03
2.634494170000000191e-01 7.560234823230952035e-03
2.637316330000000208e-01 7.544739135091493507e-03
2.640138499999999944e-01 7.529346360962165668e-03
2.642960670000000234e-01 7.514038888170932427e-03
2.645782839999999969e-01 7.498800112228135549e-03
2.648605010000000259e-01 7.483617901190266208e-03
2.651427179999999995e-01 7.468502320636498382e-03
2.654249349999999730e-01 7.453470238831507756e-03
2.657071509999999748e-01 7.438533143520810464e-03
2.659893680000000038e-01 7.423696051147393206e-03
2.662715849999999773e-01 7.408960088494285709e-03
2.665538020000000063e-01 7.394309783598322465e-03
2.668360189999999799e-01 7.379725718391146223e-03
2.671182360000000089e-01 7.365205618752604377e-03
2.674004520000000107e-01 7.350765229980182024e-03
2.676826689999999842e-01 7.336415284400927932e-03
2.679648860000000132e-01 7.322143946015859106e-03
2.682471029999999867e-01 7.307934291299340857e-03
2.685293200000000158e-01 7.293782253446747486e-03
2.688115369999999893e-01 7.279695928346721634e-03
2.690937529999999911e-01 7.265687328057201036e-03
2.693759700000000201e-01 7.251780309359480946e-03
2.696581869999999936e-01 7.237998598035613046e-03
2.699404040000000227e-01 7.224314337076433515e-03
2.702226209999999962e-01 7.210655687127343581e-03
2.705048380000000252e-01 7.196982461405918019e-03
2.707870540000000270e-01 7.183358657467943734e-03
2.713514879999999740e-01 7.156495531286139779e-03
2.716337050000000031e-01 7.143193326857165404e-03
2.719159219999999766e-01 7.129918658918650391e-03
2.721981390000000056e-01 7.116705964832575892e-03
2.724803550000000074e-01 7.103597578019671746e-03
2.727625719999999809e-01 7.090574391371532066e-03
2.730447890000000100e-01 7.077574965281377070e-03
2.733270059999999835e-01 7.064570682465514707e-03
2.736092230000000125e-01 7.051617489398261107e-03
2.738914399999999860e-01 7.038777954029899753e-03
2.741736559999999878e-01 7.026043151877386581e-03
2.744558730000000168e-01 7.013359409546547109e-03
2.747380899999999904e-01 7.000697644999745624e-03
2.750203070000000194e-01 6.988085134919539733e-03
2.753025239999999929e-01 6.975553248117698918e-03
2.755847410000000219e-01 6.963098506411091911e-03
2.758669570000000237e-01 6.950697952737546446e-03
2.761491739999999973e-01 6.938338776470162964e-03
2.764313910000000263e-01 6.926029410957427156e-03
2.767136079999999998e-01 6.913779656489067206e-03
2.769958249999999733e-01 6.901589794177908840e-03
2.775602580000000041e-01 6.877376599532344925e-03
2.778424749999999777e-01 6.865362301911154784e-03
2.781246920000000067e-01 6.853418673101465200e-03
2.784069089999999802e-01 6.841525248114005246e-03
2.786891260000000092e-01 6.829649868043610218e-03
2.789713429999999827e-01 6.817785895863572379e-03
2.792535589999999845e-01 6.805968289035999909e-03
2.795357760000000136e-01 6.794230112482346415e-03
2.798179929999999871e-01 6.782567755224244016e-03
2.801002100000000161e-01 6.770962768283067534e-03
2.803824269999999896e-01 6.759403138749857723e-03
2.806646440000000187e-01 6.747886329586419603e-03
2.809468609999999922e-01 6.736410274052773497e-03
2.815112940000000230e-01 6.713565221609994575e-03
2.817935109999999965e-01 6.702196655314979906e-03
2.820757280000000256e-01 6.690881590580445744e-03
2.823579449999999991e-01 6.679631639643405193e-03
2.826401619999999726e-01 6.668431670279187894e-03
2.829223779999999744e-01 6.657258578744286101e-03
2.832045950000000034e-01 6.646109270367199853e-03
2.840512459999999795e-01 6.612967907355606426e-03
2.843334630000000085e-01 6.602006158048131547e-03
2.846156790000000103e-01 6.591068743783326869e-03
2.848978959999999838e-01 6.580160259323821793e-03
2.851801130000000128e-01 6.569288308456412706e-03
2.854623299999999864e-01 6.558469875404548260e-03
2.857445470000000154e-01 6.547723031868533071e-03
2.860267639999999889e-01 6.537037155823622984e-03
2.863089799999999907e-01 6.526373869957269661e-03
2.865911970000000197e-01 6.515706359384018653e-03
2.868734139999999933e-01 6.505054518943293416e-03
2.874378479999999958e-01 6.483898085749816194e-03
2.877200650000000248e-01 6.473401661340131251e-03
2.880022810000000266e-01 6.462951148656411599e-03
2.882844980000000001e-01 6.452528421653043120e-03
2.885667149999999737e-01 6.442115107657513107e-03
2.888489320000000027e-01 6.431720492890104744e-03
2.891311489999999762e-01 6.421375693987255683e-03
2.894133660000000052e-01 6.411098422633175475e-03
2.896955820000000070e-01 6.400866078896598303e-03
2.899777989999999805e-01 6.390650364098320393e-03
2.902600160000000096e-01 6.380444875015936317e-03
2.905422329999999831e-01 6.370258661685173837e-03
2.911066669999999856e-01 6.349970793659868648e-03
2.913888829999999874e-01 6.339875725709587066e-03
2.916711000000000165e-01 6.329819453340159233e-03
2.919533169999999900e-01 6.319808672628118677e-03
2.922355340000000190e-01 6.309842049715685963e-03
2.927999680000000216e-01 6.289962174509992898e-03
2.930821840000000233e-01 6.280035774787084968e-03
2.933644009999999969e-01 6.270142183096280575e-03
2.936466180000000259e-01 6.260291920985610117e-03
2.939288349999999994e-01 6.250472067483771148e-03
2.942110519999999729e-01 6.240668789784070171e-03
2.944932690000000020e-01 6.230885595606281552e-03
2.947754850000000038e-01 6.221134983910882148e-03
2.950577019999999773e-01 6.211426959179368670e-03
2.953399190000000063e-01 6.201767063185988083e-03
2.956221359999999798e-01 6.192157388616700668e-03
2.959043530000000088e-01 6.182577535565395715e-03
2.961865699999999824e-01 6.172996953141888371e-03
2.964687870000000114e-01 6.163406954106143663e-03
2.970332199999999867e-01 6.144308045339310666e-03
2.973154370000000157e-01 6.134814669125703349e-03
2.978798710000000183e-01 6.115851618530438079e-03
2.981620879999999918e-01 6.106408808555849679e-03
2.984443039999999936e-01 6.097026553201306993e-03
2.987265210000000226e-01 6.087682058683509083e-03
2.990087379999999961e-01 6.078335619095310421e-03
2.992909550000000252e-01 6.068974477975409669e-03
2.995731719999999987e-01 6.059622351151190342e-03
3.001376049999999740e-01 6.041030039387559371e-03
3.004198220000000030e-01 6.031810526594121036e-03
3.007020389999999765e-01 6.022637316850171056e-03
3.009842560000000056e-01 6.013483723891868346e-03
3.012664729999999791e-01 6.004326971827124784e-03
3.015486900000000081e-01 5.995168260851438911e-03
3.018309060000000099e-01 5.986015899534732204e-03
3.021131229999999834e-01 5.976877950598479504e-03
3.023953400000000125e-01 5.967762409712380929e-03
3.032419909999999885e-01 5.940639667402105098e-03
3.035242069999999903e-01 5.931683243526863700e-03
3.038064240000000193e-01 5.922729534420749682e-03
3.040886409999999929e-01 5.913756051022457140e-03
3.043708580000000219e-01 5.904789262227109516e-03
3.046530749999999954e-01 5.895865391436556913e-03
3.049352920000000244e-01 5.886988697951396447e-03
3.052175080000000262e-01 5.878134860834548746e-03
3.054997249999999998e-01 5.869283883423791898e-03
3.057819419999999733e-01 5.860433900938380285e-03
3.060641590000000023e-01 5.851587143441513116e-03
3.066285930000000048e-01 5.833941991116402964e-03
3.069108090000000066e-01 5.825168057995638166e-03
3.071930259999999802e-01 5.816433618771293078e-03
3.074752430000000092e-01 5.807739642979196058e-03
3.077574599999999827e-01 5.799071675591010479e-03
3.080396770000000117e-01 5.790404073599052064e-03
3.083218939999999852e-01 5.781723695843911902e-03
3.086041099999999870e-01 5.773051118485293155e-03
3.091685439999999896e-01 5.755803468803358421e-03
3.097329779999999921e-01 5.738643062832525510e-03
3.102974110000000230e-01 5.721537116011518598e-03
3.111440619999999990e-01 5.696068960479731651e-03
3.114262789999999725e-01 5.687634811936508918e-03
3.117084960000000016e-01 5.679209232165139710e-03
3.125551460000000059e-01 5.653918182487621333e-03
3.128373629999999794e-01 5.645511200325884112e-03
3.131195800000000085e-01 5.637155169124026879e-03
3.134017969999999820e-01 5.628835977068646045e-03
3.136840140000000110e-01 5.620521240313361942e-03
3.139662300000000128e-01 5.612198141824241253e-03
3.142484469999999863e-01 5.603887290674347543e-03
3.145306640000000153e-01 5.595609138649436202e-03
3.150950980000000179e-01 5.579123858778426912e-03
3.153773149999999914e-01 5.570895335342830948e-03
3.156595309999999932e-01 5.562678982585070320e-03
3.159417480000000222e-01 5.554480342659362350e-03
3.162239649999999958e-01 5.546302440565155020e-03
3.165061820000000248e-01 5.538147210455348669e-03
3.170706160000000273e-01 5.521896122887065203e-03
3.173528319999999736e-01 5.513790066453622303e-03
3.176350490000000026e-01 5.505694299793872232e-03
3.179172659999999762e-01 5.497609183275738859e-03
3.181994830000000052e-01 5.489535803848226946e-03
3.184816999999999787e-01 5.481476188964262523e-03
3.190461330000000095e-01 5.465421294737045355e-03
3.193283499999999830e-01 5.457451257891095947e-03
3.196105670000000121e-01 5.449516043986911071e-03
3.198927839999999856e-01 5.441583577864964050e-03
3.201750010000000146e-01 5.433630515123339007e-03
3.204572179999999881e-01 5.425676765925528666e-03
3.210216510000000190e-01 5.409871179925990897e-03
3.213038679999999925e-01 5.402023108404480425e-03
3.215860850000000215e-01 5.394197596854476313e-03
3.221505190000000241e-01 5.378527831798460106e-03
3.224327350000000258e-01 5.370669939349511160e-03
3.227149519999999994e-01 5.362836355744069784e-03
3.229971689999999729e-01 5.355052598282772185e-03
3.232793860000000019e-01 5.347301863163387604e-03
3.235616029999999754e-01 5.339559720944742072e-03
3.238438200000000045e-01 5.331824981801533934e-03
3.241260360000000063e-01 5.324115699096354515e-03
3.246904700000000088e-01 5.308781879183023522e-03
3.249726869999999823e-01 5.301115577877351347e-03
3.252549040000000113e-01 5.293448410638203205e-03
3.255371209999999849e-01 5.285808120174377740e-03
3.258193369999999867e-01 5.278209456952572855e-03
3.261015540000000157e-01 5.270630402894303096e-03
3.263837709999999892e-01 5.263045399510194074e-03
3.266659880000000182e-01 5.255460051809328521e-03
3.269482049999999917e-01 5.247900893300441218e-03
3.275126380000000226e-01 5.232885058277158760e-03
3.277948549999999961e-01 5.225390203420351640e-03
3.280770720000000251e-01 5.217898309937133577e-03
3.283592889999999986e-01 5.210423386878292908e-03
3.286415060000000277e-01 5.202973344994804919e-03
3.289237230000000012e-01 5.195542475764903211e-03
3.292059399999999747e-01 5.188124526800056389e-03
3.294881559999999765e-01 5.180724823607809823e-03
3.297703730000000055e-01 5.173354815611253682e-03
3.300525899999999790e-01 5.166015862784228106e-03
