# q  I_recon
2.398167000000000094e-03 9.974934619972334326e-01
2.680304000000000107e-03 9.968702210918610751e-01
2.962441000000000119e-03 9.961782845845307266e-01
3.244579000000000039e-03 9.954178367230975821e-01
3.526716000000000052e-03 9.945891042460877074e-01
3.808853000000000065e-03 9.936923029473734292e-01
4.090990000000000078e-03 9.927276391452143356e-01
4.373128000000000432e-03 9.916953177073493109e-01
4.655264999999999577e-03 9.905956197345000547e-01
4.937401999999999590e-03 9.894288638331739660e-01
5.219539999999999944e-03 9.881953627638498938e-01
5.501676999999999956e-03 9.868954261915733328e-01
5.783813999999999969e-03 9.855293526184230046e-01
6.065950999999999982e-03 9.840975009302285192e-01
6.348089000000000336e-03 9.826002622579116386e-01
6.630226000000000348e-03 9.810380320262858111e-01
6.912363000000000361e-03 9.794111596807537623e-01
7.194500000000000374e-03 9.777200040904282519e-01
7.476637999999999860e-03 9.759650112152001844e-01
7.758774999999999873e-03 9.741467023623141541e-01
8.040912000000000753e-03 9.722655540438146504e-01
8.323050000000000240e-03 9.703219829325706591e-01
8.605187000000000253e-03 9.683164292613715141e-01
8.887324000000000265e-03 9.662494118204532079e-01
9.169461000000000278e-03 9.641215102356336386e-01
9.451598999999999764e-03 9.619332653250387555e-01
9.733735999999999777e-03 9.596851794585351536e-01
1.001587299999999979e-02 9.573777361003422692e-01
1.029800999999999980e-02 9.550115211496907897e-01
1.058014799999999929e-02 9.525871583910887619e-01
1.086228499999999930e-02 9.501052773827417530e-01
1.114442199999999931e-02 9.475664458326480410e-01
1.142656000000000054e-02 9.449712386971353961e-01
1.170869700000000055e-02 9.423203446965238150e-01
1.199083400000000056e-02 9.396144623513794647e-01
1.227297100000000057e-02 9.368542372556813991e-01
1.255510900000000006e-02 9.340402055452035057e-01
1.283724600000000007e-02 9.311729536672376240e-01
1.311938300000000009e-02 9.282532278201716114e-01
1.340152000000000010e-02 9.252818579975775615e-01
1.368365799999999959e-02 9.222595749274122845e-01
1.396579499999999960e-02 9.191870134955070215e-01
1.424793199999999961e-02 9.160647925962746019e-01
1.453007000000000083e-02 9.128936807797807251e-01
1.481220700000000084e-02 9.096745321770758341e-01
1.509434400000000086e-02 9.064080862260504023e-01
1.537648099999999914e-02 9.030949874932625576e-01
1.565861899999999862e-02 8.997358928755427865e-01
1.594075600000000037e-02 8.963316568641680471e-01
1.622289299999999865e-02 8.928831477276351070e-01
1.650503000000000040e-02 8.893911680427636357e-01
1.678716800000000162e-02 8.858564160344352123e-01
1.706930499999999989e-02 8.822796480278758402e-01
1.735144200000000164e-02 8.786617008821077102e-01
1.763357999999999939e-02 8.750034413621045060e-01
1.791571700000000114e-02 8.713056882565203276e-01
1.819785399999999942e-02 8.675691283379850516e-01
1.847999100000000117e-02 8.637944942351762911e-01
1.876212899999999892e-02 8.599826586099903469e-01
1.904426600000000067e-02 8.561345700727167607e-01
1.932640299999999894e-02 8.522510508070081370e-01
1.960854000000000069e-02 8.483328529893030545e-01
1.989067799999999844e-02 8.443807513261794018e-01
2.017281500000000019e-02 8.403957088620147564e-01
2.045495199999999847e-02 8.363786697998708553e-01
2.073708900000000022e-02 8.323304029974840645e-01
2.101922700000000144e-02 8.282514963523979201e-01
2.130136399999999972e-02 8.241426694690693333e-01
2.158350100000000146e-02 8.200049052569926555e-01
2.186563899999999921e-02 8.158392382916784813e-01
2.214777600000000096e-02 8.116465840647409946e-01
2.242991299999999924e-02 8.074276836909476396e-01
2.271205000000000099e-02 8.031833151186605901e-01
2.299418799999999874e-02 7.989143162314140678e-01
2.327632500000000049e-02 7.946215791768020953e-01
2.355846199999999876e-02 7.903058854807984979e-01
2.384059900000000051e-02 7.859679848160507909e-01
2.412273700000000173e-02 7.816086612779558074e-01
2.440487400000000001e-02 7.772288786476893030e-01
2.468701099999999829e-02 7.728295637507645033e-01
2.496914899999999951e-02 7.684114997189136487e-01
2.525128600000000126e-02 7.639754234465843119e-01
2.553342299999999954e-02 7.595220849185034817e-01
2.581556000000000128e-02 7.550523945065051867e-01
2.609769799999999904e-02 7.505672530467224490e-01
2.637983500000000078e-02 7.460674610890819514e-01
2.666197199999999906e-02 7.415536847466297488e-01
2.694410900000000081e-02 7.370266678976749031e-01
2.722624699999999856e-02 7.324872713997097051e-01
2.750838400000000031e-02 7.279364095761852171e-01
2.779052099999999859e-02 7.233748424750787720e-01
2.807265899999999981e-02 7.188032740838576906e-01
2.835479600000000155e-02 7.142225034799358774e-01
2.863693299999999983e-02 7.096333705245115864e-01
2.891907000000000158e-02 7.050367192347979373e-01
2.920120799999999933e-02 7.004332014871330614e-01
2.948334500000000108e-02 6.958234353711105769e-01
2.976548199999999936e-02 6.912081016839328740e-01
3.004761900000000110e-02 6.865880900418578348e-01
3.032975699999999886e-02 6.819642671115392352e-01
3.061189400000000060e-02 6.773373686831751783e-01
3.089403099999999888e-02 6.727080047400680884e-01
3.117616900000000010e-02 6.680768367551399578e-01
3.145830599999999838e-02 6.634446557915169018e-01
3.174044300000000013e-02 6.588121938037848624e-01
3.202258000000000188e-02 6.541800940206913273e-01
3.230471800000000310e-02 6.495489441053936552e-01
3.258685499999999791e-02 6.449194497708656826e-01
3.286899199999999965e-02 6.402923640545330475e-01
3.315112900000000140e-02 6.356684384440882685e-01
3.343326700000000262e-02 6.310482676532853663e-01
3.371540399999999743e-02 6.264324487421997212e-01
3.399754099999999918e-02 6.218215983711613548e-01
3.427967900000000040e-02 6.172164205254978553e-01
3.456181600000000215e-02 6.126176374636334021e-01
3.484395299999999696e-02 6.080257420740553531e-01
3.512608999999999870e-02 6.034411919580928707e-01
3.540822799999999992e-02 5.988645569980129979e-01
3.569036500000000167e-02 5.942966033365038037e-01
3.597250200000000342e-02 5.897380115405864709e-01
3.625463899999999823e-02 5.851892788394670308e-01
3.653677699999999945e-02 5.806508357402928588e-01
3.681891400000000120e-02 5.761232750860201257e-01
3.710105100000000294e-02 5.716072601582317114e-01
3.738318799999999775e-02 5.671034160696595272e-01
3.766532599999999897e-02 5.626121154506188438e-01
3.794746300000000072e-02 5.581337279385067962e-01
3.822960000000000247e-02 5.536687362528172063e-01
3.851173799999999675e-02 5.492177749263490449e-01
3.879387499999999850e-02 5.447814828411308152e-01
3.907601200000000025e-02 5.403602789521977368e-01
3.935814900000000199e-02 5.359545630075976952e-01
3.964028700000000321e-02 5.315647731528326814e-01
3.992242399999999802e-02 5.271914402122297449e-01
4.020456099999999977e-02 5.228350185254323490e-01
4.048669800000000152e-02 5.184958793746121675e-01
4.076883600000000274e-02 5.141743644068023089e-01
4.105097299999999755e-02 5.098709374222482049e-01
4.133310999999999930e-02 5.055860751038278034e-01
4.161524800000000052e-02 5.013202022389049439e-01
4.189738500000000226e-02 4.970736372863654995e-01
4.217952199999999707e-02 4.928466366973658364e-01
4.246165899999999882e-02 4.886396018046222367e-01
4.274379700000000004e-02 4.844530097064180807e-01
4.302593400000000179e-02 4.802873138378140894e-01
4.330807099999999660e-02 4.761427457821856835e-01
4.359020799999999835e-02 4.720195320747986312e-01
4.387234599999999957e-02 4.679179720875028536e-01
4.415448300000000131e-02 4.638384638575307473e-01
4.443662000000000306e-02 4.597813312308886013e-01
4.471875799999999734e-02 4.557468269197659794e-01
4.500089499999999909e-02 4.517352433686152580e-01
4.528303200000000084e-02 4.477468969691288381e-01
4.556516900000000259e-02 4.437821559016729700e-01
4.584730699999999687e-02 4.398412648012427484e-01
4.612944399999999862e-02 4.359242848932285974e-01
4.641158100000000036e-02 4.320312408063253784e-01
4.669371800000000211e-02 4.281624577195239367e-01
4.697585600000000333e-02 4.243183934368799370e-01
4.725799299999999814e-02 4.204994099495072413e-01
4.754012999999999989e-02 4.167055740456638291e-01
4.782226800000000111e-02 4.129369400314120697e-01
4.810440500000000286e-02 4.091937143269798183e-01
4.838654199999999767e-02 4.054761145349292661e-01
4.866867899999999941e-02 4.017843220355558631e-01
4.895081700000000063e-02 3.981184221843350746e-01
4.923295400000000238e-02 3.944785449994262505e-01
4.951509099999999719e-02 3.908648740115668874e-01
4.979722799999999894e-02 3.872776428571039764e-01
5.007936600000000016e-02 3.837169888637417259e-01
5.036150300000000191e-02 3.801829610365283774e-01
5.064363999999999671e-02 3.766755824241683759e-01
5.092577799999999794e-02 3.731950117530208888e-01
5.120791499999999968e-02 3.697414926599139062e-01
5.149005200000000143e-02 3.663151163755139494e-01
5.177218900000000318e-02 3.629158294766380299e-01
5.205432699999999746e-02 3.595435840683083861e-01
5.233646399999999921e-02 3.561985224701008645e-01
5.261860100000000096e-02 3.528808001372338854e-01
5.290073800000000270e-02 3.495904909986160547e-01
5.318287599999999699e-02 3.463275422552176130e-01
5.346501299999999873e-02 3.430919547841370654e-01
5.374715000000000048e-02 3.398838201314907104e-01
5.402928800000000170e-02 3.367032629282025180e-01
5.431142500000000345e-02 3.335503034574237025e-01
5.459356199999999826e-02 3.304247741048276787e-01
5.487569900000000001e-02 3.273265588584978181e-01
5.515783700000000123e-02 3.242557380498404807e-01
5.543997400000000297e-02 3.212124759081139702e-01
5.572211099999999778e-02 3.181968063195662610e-01
5.600424799999999953e-02 3.152086754678544711e-01
5.628638600000000075e-02 3.122480085816611850e-01
5.656852300000000250e-02 3.093147388354708927e-01
5.685065999999999731e-02 3.064087640618098907e-01
5.713279699999999905e-02 3.035300281007549672e-01
5.741493500000000028e-02 3.006784971883909585e-01
5.769707200000000202e-02 2.978541706604626027e-01
5.797920899999999683e-02 2.950570230534309557e-01
5.826134699999999805e-02 2.922870247725842807e-01
5.854348399999999980e-02 2.895440799936328524e-01
5.882562100000000155e-02 2.868279841596469981e-01
5.910775800000000330e-02 2.841385940577493274e-01
5.938989599999999758e-02 2.814759215277432003e-01
5.967203299999999933e-02 2.788400267562370360e-01
5.995417000000000107e-02 2.762307805090812307e-01
6.023630700000000282e-02 2.736479422935559902e-01
6.051844499999999710e-02 2.710913257296587719e-01
6.080058199999999885e-02 2.685609521472364092e-01
6.108271900000000060e-02 2.660568316591238602e-01
6.136485700000000182e-02 2.635787932613065654e-01
6.164699399999999663e-02 2.611265693686470879e-01
6.192913099999999837e-02 2.586999649944521917e-01
6.221126800000000012e-02 2.562990424657298205e-01
6.249340600000000134e-02 2.539238623942297601e-01
6.277554300000000309e-02 2.515741767037342203e-01
6.305768000000000484e-02 2.492495081310928118e-01
6.333981700000000659e-02 2.469495721684658307e-01
6.362195499999999393e-02 2.446744889249366228e-01
6.390409199999999568e-02 2.424244216415239461e-01
6.418622899999999742e-02 2.401991659895652276e-01
6.446836699999999865e-02 2.379983287814487203e-01
6.475050400000000039e-02 2.358216573120104909e-01
6.503264100000000214e-02 2.336691117628219849e-01
6.531477800000000389e-02 2.315406674491330696e-01
6.559691600000000511e-02 2.294361198397490698e-01
6.587905300000000686e-02 2.273552013061471699e-01
6.616118999999999473e-02 2.252976798553455173e-01
6.644332699999999647e-02 2.232634359570669080e-01
6.672546499999999770e-02 2.212523451010236508e-01
6.700760199999999944e-02 2.192642390355037385e-01
6.728973900000000119e-02 2.172988991805459291e-01
6.757187700000000241e-02 2.153561298662523271e-01
6.785401400000000416e-02 2.134357927353751350e-01
6.813615100000000591e-02 2.115377235454551919e-01
6.841828799999999378e-02 2.096617089704501946e-01
6.870042599999999500e-02 2.078075073283868479e-01
6.898256299999999674e-02 2.059749369856749279e-01
6.926469999999999849e-02 2.041638555655729270e-01
6.954683700000000024e-02 2.023741164258799352e-01
6.982897500000000146e-02 2.006054758716332431e-01
7.011111200000000321e-02 1.988576776442911309e-01
7.039324900000000496e-02 1.971305092182790708e-01
7.067538700000000618e-02 1.954238410416999361e-01
7.095752399999999405e-02 1.937375461102586738e-01
7.123966099999999579e-02 1.920713688118797224e-01
7.152179799999999754e-02 1.904250262451746556e-01
7.180393599999999876e-02 1.887983084345402351e-01
7.208607300000000051e-02 1.871911167091638295e-01
7.236821000000000226e-02 1.856033160422521922e-01
7.265034700000000401e-02 1.840346633038554003e-01
7.293248500000000523e-02 1.824848794611109715e-01
7.321462199999999310e-02 1.809537702944909454e-01
7.349675899999999484e-02 1.794411990936334300e-01
7.377889599999999659e-02 1.779470126972116373e-01
7.406103399999999781e-02 1.764709464441812925e-01
7.434317099999999956e-02 1.750127279732930641e-01
7.462530800000000131e-02 1.735721612517282519e-01
7.490744600000000253e-02 1.721491407792974104e-01
7.518958300000000428e-02 1.707435361414295638e-01
7.547172000000000602e-02 1.693550398746514196e-01
7.575385699999999389e-02 1.679833212829479894e-01
7.603599499999999511e-02 1.666282152452515097e-01
7.631813199999999686e-02 1.652897223410441929e-01
7.660026899999999861e-02 1.639677463551382497e-01
7.688240600000000036e-02 1.626619066471540753e-01
7.716454400000000158e-02 1.613717745486912547e-01
7.744668100000000333e-02 1.600971931492182754e-01
7.772881800000000507e-02 1.588381993432204098e-01
7.801095600000000629e-02 1.575947422600543213e-01
7.829309299999999416e-02 1.563665070409111513e-01
7.857522999999999591e-02 1.551531275550373234e-01
7.885736699999999766e-02 1.539544197334533904e-01
7.913950499999999888e-02 1.527703245626103601e-01
7.942164200000000063e-02 1.516007347174165021e-01
7.970377900000000237e-02 1.504453614649671478e-01
7.998591600000000412e-02 1.493039026245999157e-01
8.026805400000000534e-02 1.481761706794430811e-01
8.055019099999999321e-02 1.470620681064445379e-01
8.083232799999999496e-02 1.459614570778595966e-01
8.111446599999999618e-02 1.448741295183969546e-01
8.139660299999999793e-02 1.437998825222941979e-01
8.167873999999999968e-02 1.427385418759579139e-01
8.196087700000000142e-02 1.416899610767499429e-01
8.224301500000000265e-02 1.406539673744465202e-01
8.252515200000000439e-02 1.396303500884691629e-01
8.280728900000000614e-02 1.386188870596712641e-01
8.308942599999999401e-02 1.376194134209653142e-01
8.337156399999999523e-02 1.366317894992271909e-01
8.365370099999999698e-02 1.356558742792906558e-01
8.393583799999999873e-02 1.346914929626317481e-01
8.421797599999999995e-02 1.337384689768763846e-01
8.450011300000000170e-02 1.327966415401936329e-01
8.478225000000000344e-02 1.318658423709778427e-01
8.506438700000000519e-02 1.309458988655081702e-01
8.534652500000000641e-02 1.300366217958177639e-01
8.562866199999999428e-02 1.291378386660849420e-01
8.591079899999999603e-02 1.282494274869271367e-01
8.619293599999999778e-02 1.273712949734502331e-01
8.647507399999999900e-02 1.265032995635166357e-01
8.675721100000000074e-02 1.256452379081616499e-01
8.703934800000000249e-02 1.247969017217184784e-01
8.732148600000000371e-02 1.239581494870471284e-01
8.760362300000000546e-02 1.231288741979710416e-01
8.788575999999999333e-02 1.223089394027103705e-01
8.816789699999999508e-02 1.214981825070717558e-01
8.845003499999999630e-02 1.206964405978375177e-01
8.873217199999999805e-02 1.199035858808407268e-01
8.901430899999999979e-02 1.191194911334355067e-01
8.929644600000000154e-02 1.183440240363392293e-01
8.957858400000000276e-02 1.175770393602268982e-01
8.986072100000000451e-02 1.168184062543413532e-01
9.014285800000000626e-02 1.160680204162442553e-01
9.042499499999999413e-02 1.153257893923095995e-01
9.070713299999999535e-02 1.145915640647711120e-01
9.098926999999999710e-02 1.138651403548766455e-01
9.127140699999999884e-02 1.131463260716197017e-01
9.155354500000000006e-02 1.124350332698390020e-01
9.183568200000000181e-02 1.117312095312990861e-01
9.211781900000000356e-02 1.110347646641218072e-01
9.239995600000000531e-02 1.103455792698275761e-01
9.268209400000000653e-02 1.096635264883393523e-01
9.296423099999999440e-02 1.089884724938515737e-01
9.324636799999999615e-02 1.083202741712270128e-01
9.352850499999999789e-02 1.076588230653520856e-01
9.381064299999999911e-02 1.070040391001478991e-01
9.409278000000000086e-02 1.063558387725569016e-01
9.437491700000000261e-02 1.057140901737716188e-01
9.465705500000000383e-02 1.050786536347517730e-01
9.493919200000000558e-02 1.044494211966697228e-01
9.522132899999999345e-02 1.038262996684802264e-01
9.550346599999999520e-02 1.032092089700299420e-01
9.578560399999999642e-02 1.025980992422102500e-01
9.606774099999999816e-02 1.019929273528306646e-01
9.634987799999999991e-02 1.013935487427269494e-01
9.663201500000000166e-02 1.007997469614432817e-01
9.691415300000000288e-02 1.002113560290415623e-01
9.719629000000000463e-02 9.962837195109612576e-02
9.747842700000000637e-02 9.905080578236791222e-02
9.776056499999999372e-02 9.847858529524208815e-02
9.804270199999999547e-02 9.791158546875139423e-02
9.832483899999999721e-02 9.734969149697490776e-02
9.860697599999999896e-02 9.679283555119574944e-02
9.888911400000000018e-02 9.624095330506457491e-02
9.917125100000000193e-02 9.569396744846388192e-02
9.945338800000000368e-02 9.515178273549056154e-02
9.973552500000000542e-02 9.461430095965001064e-02
1.000176630000000066e-01 9.408141115615797911e-02
1.002997999999999945e-01 9.355301437568448730e-02
1.005819369999999963e-01 9.302908507293093654e-02
1.008640739999999980e-01 9.250964485670183646e-02
1.011462119999999992e-01 9.199465617387932170e-02
1.014283490000000010e-01 9.148396716427821540e-02
1.017104860000000027e-01 9.097741711148518706e-02
1.019926240000000039e-01 9.047494652042832597e-02
1.022747610000000057e-01 8.997655371601691321e-02
1.025568979999999936e-01 8.948221408812674638e-02
1.028390349999999953e-01 8.899187119159811254e-02
1.031211729999999965e-01 8.850545708083254470e-02
1.034033099999999983e-01 8.802286141380580298e-02
1.036854470000000000e-01 8.754394742172903754e-02
1.039675840000000018e-01 8.706865922542911251e-02
1.042497220000000030e-01 8.659707264600710608e-02
1.045318590000000047e-01 8.612925172329768952e-02
1.048139960000000065e-01 8.566505154255545096e-02
1.050961339999999938e-01 8.520424311207683288e-02
1.053782709999999956e-01 8.474670640892119355e-02
1.056604079999999973e-01 8.429247512549273291e-02
1.059425449999999991e-01 8.384158938975100339e-02
1.062246830000000003e-01 8.339403579422523249e-02
1.065068200000000020e-01 8.294978528930496697e-02
1.067889570000000038e-01 8.250877131732894942e-02
1.070710940000000055e-01 8.207088396121699214e-02
1.073532320000000068e-01 8.163602416035620202e-02
1.076353689999999946e-01 8.120418280043822934e-02
1.079175059999999964e-01 8.077537388579671129e-02
1.081996439999999976e-01 8.034956994063705005e-02
1.084817809999999993e-01 7.992669632951762693e-02
1.087639180000000011e-01 7.950667804881084155e-02
1.090460550000000028e-01 7.908947754159816046e-02
1.093281930000000041e-01 7.867506672441981763e-02
1.096103300000000058e-01 7.826342315604079003e-02
1.098924669999999937e-01 7.785452137888161650e-02
1.101746039999999954e-01 7.744833111571552964e-02
1.104567419999999967e-01 7.704479306705122599e-02
1.107388789999999984e-01 7.664384582190518491e-02
1.110210160000000001e-01 7.624544935904284393e-02
1.113031540000000014e-01 7.584958990409122748e-02
1.115852910000000031e-01 7.545625646618259186e-02
1.118674280000000049e-01 7.506542377310237990e-02
1.121495650000000066e-01 7.467706540583116115e-02
1.124317029999999940e-01 7.429115116693518761e-02
1.127138399999999957e-01 7.390765272442850753e-02
1.129959769999999974e-01 7.352652553476547725e-02
1.132781139999999992e-01 7.314768491050806232e-02
1.135602520000000004e-01 7.277104124764346982e-02
1.138423890000000022e-01 7.239660046194505705e-02
1.141245260000000039e-01 7.202444106540169255e-02
1.144066640000000051e-01 7.165460279785594577e-02
1.146888010000000069e-01 7.128700222136406806e-02
1.149709379999999947e-01 7.092153200675685443e-02
1.152530749999999965e-01 7.055815192196855656e-02
1.155352129999999977e-01 7.019687031469014349e-02
1.158173499999999995e-01 6.983769599930293726e-02
1.160994870000000012e-01 6.948062120219362925e-02
1.163816240000000030e-01 6.912563418709689878e-02
1.166637620000000042e-01 6.877268322298929482e-02
1.169458990000000059e-01 6.842169386197595460e-02
1.172280359999999938e-01 6.807262550692629033e-02
1.175101729999999955e-01 6.772553334110127665e-02
1.177923109999999968e-01 6.738047627109079729e-02
1.180744479999999985e-01 6.703741271127187928e-02
1.183565850000000003e-01 6.669623299163977836e-02
1.186387230000000015e-01 6.635685806066544956e-02
1.189208600000000032e-01 6.601928276557221531e-02
1.192029970000000050e-01 6.568350996530068764e-02
1.194851340000000067e-01 6.534956427258895029e-02
1.197672719999999941e-01 6.501748040092683589e-02
1.200494089999999958e-01 6.468726616300976562e-02
1.203315459999999976e-01 6.435886457588298193e-02
1.206136829999999993e-01 6.403221474107868849e-02
1.208958210000000005e-01 6.370727344937562875e-02
1.211779580000000023e-01 6.338401074441986360e-02
1.214600950000000040e-01 6.306242127097182182e-02
1.217422330000000052e-01 6.274255027998852652e-02
1.220243699999999931e-01 6.242443966615208312e-02
1.223065069999999949e-01 6.210803732570529395e-02
1.225886439999999966e-01 6.179325187557765248e-02
1.228707819999999978e-01 6.148004125160662359e-02
1.231529189999999996e-01 6.116844932653017763e-02
1.234350560000000013e-01 6.085851357650915588e-02
1.237171930000000031e-01 6.055020157774295558e-02
1.239993310000000043e-01 6.024345146448478738e-02
1.242814680000000060e-01 5.993823764093172274e-02
1.245636049999999939e-01 5.963458004962478992e-02
1.248457429999999951e-01 5.933249902145027593e-02
1.251278799999999969e-01 5.903199709152590069e-02
1.254100170000000125e-01 5.873306529674569149e-02
1.256921540000000004e-01 5.843567129259965437e-02
1.259742919999999877e-01 5.813974908313396250e-02
1.262564290000000033e-01 5.784524850793658357e-02
1.265385659999999912e-01 5.755219500542149702e-02
1.268207030000000068e-01 5.726063948852604807e-02
1.271028409999999942e-01 5.697058548183015630e-02
1.273849780000000098e-01 5.668198358797393865e-02
1.276671149999999977e-01 5.639478886187569706e-02
1.279492530000000128e-01 5.610900746597502486e-02
1.282313900000000007e-01 5.582466289279374577e-02
1.285135269999999885e-01 5.554175703754050258e-02
1.287956640000000041e-01 5.526027251500603005e-02
1.290778019999999915e-01 5.498018706694233343e-02
1.293599390000000071e-01 5.470146946677686278e-02
1.296420759999999950e-01 5.442408399536314417e-02
1.299242130000000106e-01 5.414803245359857409e-02
1.302063509999999980e-01 5.387335185733269777e-02
1.304884880000000136e-01 5.360006914350353563e-02
1.307706250000000014e-01 5.332815394539359988e-02
1.310527629999999888e-01 5.305756423980099307e-02
1.313349000000000044e-01 5.278828054934280034e-02
1.316170369999999923e-01 5.252029817189245164e-02
1.318991740000000079e-01 5.225361750216842710e-02
1.321813119999999953e-01 5.198824971495263209e-02
1.324634490000000109e-01 5.172420920911615511e-02
1.327455859999999987e-01 5.146147441250102650e-02
1.330277229999999866e-01 5.119999776412957615e-02
1.333098610000000017e-01 5.093974261350428523e-02
1.335919979999999896e-01 5.068071273928630160e-02
1.338741350000000052e-01 5.042291775542581678e-02
1.341562719999999931e-01 5.016639064277470667e-02
1.344384100000000082e-01 4.991117991556382610e-02
1.347205469999999961e-01 4.965729390597189985e-02
1.350026840000000117e-01 4.940462245540422348e-02
1.352848219999999990e-01 4.915304794417647144e-02
1.355669589999999869e-01 4.890259704231025156e-02
1.358490960000000025e-01 4.865338779237576849e-02
1.361312329999999904e-01 4.840548509225497259e-02
1.364133710000000055e-01 4.815881914546125964e-02
1.366955079999999934e-01 4.791330920303978058e-02
1.369776450000000090e-01 4.766893639934173532e-02
1.372597819999999968e-01 4.742572152696030580e-02
1.375419200000000119e-01 4.718368433004152540e-02
1.378240569999999998e-01 4.694284556393005237e-02
1.381061939999999877e-01 4.670321704481823766e-02
1.383883320000000028e-01 4.646475341698987765e-02
1.386704689999999907e-01 4.622738121758707824e-02
1.389526060000000063e-01 4.599107162236841517e-02
1.392347429999999942e-01 4.575588893349531727e-02
1.395168810000000092e-01 4.552189643503771338e-02
1.397990179999999971e-01 4.528907152986387519e-02
1.400811550000000127e-01 4.505734636149964778e-02
1.403632920000000006e-01 4.482669164029150916e-02
1.406454299999999880e-01 4.459714391739201533e-02
1.409275670000000036e-01 4.436874212119977512e-02
1.412097039999999915e-01 4.414147352606138941e-02
1.414918420000000066e-01 4.391530377375413990e-02
1.417739789999999944e-01 4.369020094816214450e-02
1.420561160000000100e-01 4.346613093686599316e-02
1.423382529999999979e-01 4.324307092247568762e-02
1.426203910000000130e-01 4.302106453198233094e-02
1.429025280000000009e-01 4.280018316044174181e-02
1.431846649999999888e-01 4.258043942135859850e-02
1.434668020000000044e-01 4.236176590420884930e-02
1.437489399999999917e-01 4.214410249384061002e-02
1.440310770000000073e-01 4.192747293615917137e-02
1.443132139999999952e-01 4.171192615516545327e-02
1.445953520000000103e-01 4.149745718620612839e-02
1.448774889999999982e-01 4.128399351724142130e-02
1.451596260000000138e-01 4.107147660914615972e-02
1.454417630000000017e-01 4.085995496256056292e-02
1.457239009999999890e-01 4.064950781461237894e-02
1.460060380000000047e-01 4.044014737537122289e-02
1.462881749999999925e-01 4.023180241480747710e-02
1.465703120000000081e-01 4.002441316467788418e-02
1.468524499999999955e-01 3.981798870386827477e-02
1.471345870000000111e-01 3.961255927961877810e-02
1.474167239999999990e-01 3.940813386617277037e-02
1.476988619999999863e-01 3.920470119774849271e-02
1.479809990000000020e-01 3.900225239511196512e-02
1.482631359999999898e-01 3.880078128694759709e-02
1.485452730000000054e-01 3.860028401855864627e-02
1.488274109999999928e-01 3.840076377681189701e-02
1.491095480000000084e-01 3.820223331900252789e-02
1.493916849999999963e-01 3.800469585925927984e-02
1.496738220000000119e-01 3.780812741549725159e-02
1.499559599999999993e-01 3.761249828735670903e-02
1.502380969999999871e-01 3.741780401301253445e-02
1.505202340000000027e-01 3.722405822366965655e-02
1.508023719999999901e-01 3.703126810584789902e-02
1.510845090000000057e-01 3.683941986253175954e-02
1.513666459999999936e-01 3.664849391974864951e-02
1.516487830000000092e-01 3.645848558936435474e-02
1.519309209999999966e-01 3.626940071618264122e-02
1.522130580000000122e-01 3.608124622803505349e-02
1.524951950000000001e-01 3.589402348667338621e-02
1.527773319999999879e-01 3.570773401939422026e-02
1.530594700000000030e-01 3.552238046211896039e-02
1.533416069999999909e-01 3.533796864537285670e-02
1.536237440000000065e-01 3.515448662067004182e-02
1.539058809999999944e-01 3.497188210138876124e-02
1.541880190000000095e-01 3.479010230364918549e-02
1.544701559999999974e-01 3.460917424888436400e-02
1.547522930000000130e-01 3.442917315213510354e-02
1.550344310000000003e-01 3.425013824430205023e-02
1.553165679999999882e-01 3.407202502282995898e-02
1.555987050000000038e-01 3.389477913895457689e-02
1.558808419999999917e-01 3.371838959171045286e-02
1.561629800000000068e-01 3.354286962052947102e-02
1.564451169999999947e-01 3.336822752607890991e-02
1.567272540000000103e-01 3.319445486535442524e-02
1.570093909999999982e-01 3.302154331300367895e-02
1.572915290000000132e-01 3.284949609274431803e-02
1.575736660000000011e-01 3.267832455496956501e-02
1.578558029999999890e-01 3.250802780936375841e-02
1.581379410000000041e-01 3.233858526085699181e-02
1.584200779999999920e-01 3.216997930473398243e-02
1.587022150000000076e-01 3.200221711719426071e-02
1.589843519999999955e-01 3.183531884683392377e-02
1.592664900000000106e-01 3.166928648796320245e-02
1.595486269999999984e-01 3.150409381288123145e-02
1.598307639999999863e-01 3.133971531800212873e-02
1.601129010000000019e-01 3.117616381602332856e-02
1.603950389999999893e-01 3.101346715647568947e-02
1.606771760000000049e-01 3.085162782731007067e-02
1.609593129999999928e-01 3.069060490051893700e-02
1.612414510000000079e-01 3.053036225440708754e-02
1.615235879999999957e-01 3.037091711471195596e-02
1.618057250000000113e-01 3.021230424777436238e-02
1.620878619999999992e-01 3.005453588015422756e-02
1.623699999999999866e-01 2.989759154275306585e-02
1.626521370000000022e-01 2.974145481963433660e-02
1.629342739999999901e-01 2.958613384545513356e-02
1.632164110000000057e-01 2.943164540720574762e-02
1.634985489999999930e-01 2.927797347212012999e-02
1.637806860000000087e-01 2.912506307170145345e-02
1.640628229999999965e-01 2.897287470035166818e-02
1.643449610000000116e-01 2.882146555246752409e-02
1.646270979999999995e-01 2.867092123339448628e-02
1.649092349999999874e-01 2.852124205209570842e-02
1.651913720000000030e-01 2.837233362298184972e-02
1.654735099999999903e-01 2.822412214652685047e-02
1.657556470000000060e-01 2.807665060844777641e-02
1.660377839999999938e-01 2.792998981059507946e-02
1.663199210000000094e-01 2.778415834107635443e-02
1.666020589999999968e-01 2.763911991287599026e-02
1.668841960000000124e-01 2.749484284216761887e-02
1.671663330000000003e-01 2.735131564559321882e-02
1.674484709999999876e-01 2.720853289611450607e-02
1.677306080000000033e-01 2.706650552822852107e-02
1.680127449999999911e-01 2.692525681713743221e-02
1.682948820000000067e-01 2.678480018308406277e-02
1.685770199999999941e-01 2.664511049439137122e-02
1.688591570000000097e-01 2.650615683907004555e-02
1.691412939999999976e-01 2.636792486338343164e-02
1.694234310000000132e-01 2.623041597558161200e-02
1.697055690000000006e-01 2.609364101824421592e-02
1.699877059999999884e-01 2.595764175623135883e-02
1.702698430000000041e-01 2.582245886771045509e-02
1.705519799999999919e-01 2.568805384848324436e-02
1.708341180000000070e-01 2.555432677795770741e-02
1.711162549999999949e-01 2.542122493759550392e-02
1.713983920000000105e-01 2.528882649257821469e-02
1.716805299999999979e-01 2.515722443432142144e-02
1.719626670000000135e-01 2.502640891261407458e-02
1.722448040000000014e-01 2.489629656226714435e-02
1.725269409999999892e-01 2.476684260739142260e-02
1.728090790000000043e-01 2.463810100194999478e-02
1.730912159999999922e-01 2.451013478841131479e-02
1.733733530000000078e-01 2.438292109473306005e-02
1.736554899999999957e-01 2.425638475149594769e-02
1.739376280000000108e-01 2.413049184571165046e-02
1.742197649999999987e-01 2.400530553693610430e-02
1.745019019999999865e-01 2.388089142945748478e-02
1.747840400000000016e-01 2.375722414415784578e-02
1.750661769999999895e-01 2.363422842845846680e-02
1.753483140000000051e-01 2.351186527376162433e-02
1.756304509999999930e-01 2.339017340402251358e-02
1.759125890000000081e-01 2.326919433231626824e-02
1.761947259999999960e-01 2.314891813341037052e-02
1.764768630000000116e-01 2.302930700825239069e-02
1.767589999999999995e-01 2.291035260606518950e-02
1.770411379999999868e-01 2.279209954905748320e-02
1.773232750000000024e-01 2.267458897817245522e-02
1.776054119999999903e-01 2.255778156965331654e-02
1.778875500000000054e-01 2.244160233894894677e-02
1.781696869999999933e-01 2.232602679654935307e-02
1.784518240000000089e-01 2.221111073743325601e-02
1.787339609999999968e-01 2.209690643212898487e-02
1.790160990000000119e-01 2.198338796836451017e-02
1.792982359999999997e-01 2.187049934751516059e-02
1.795803729999999876e-01 2.175822680505488244e-02
1.798625100000000032e-01 2.164662184563044892e-02
1.801446479999999906e-01 2.153572747729804240e-02
1.804267850000000062e-01 2.142550778538907658e-02
1.807089219999999941e-01 2.131589722102832790e-02
1.809910600000000092e-01 2.120688108858271789e-02
1.812731969999999970e-01 2.109851442813558478e-02
1.815553340000000127e-01 2.099084270611465547e-02
1.818374710000000005e-01 2.088384118517312704e-02
1.821196089999999879e-01 2.077746210895179552e-02
1.824017460000000035e-01 2.067168480297151834e-02
1.826838829999999914e-01 2.056651913456534683e-02
1.829660200000000070e-01 2.046197545837027953e-02
1.832481579999999943e-01 2.035805515425218731e-02
1.835302950000000100e-01 2.025475821029158741e-02
1.838124319999999978e-01 2.015208507989511497e-02
1.840945700000000129e-01 2.005003796170342495e-02
1.843767070000000008e-01 1.994861606137545221e-02
1.846588439999999887e-01 1.984779984265142710e-02
1.849409810000000043e-01 1.974756677826022822e-02
1.852231189999999916e-01 1.964792443070351169e-02
1.855052560000000073e-01 1.954891188461260060e-02
1.857873929999999951e-01 1.945055162875893723e-02
1.860695300000000107e-01 1.935280273191396228e-02
1.863516679999999981e-01 1.925561090490467142e-02
1.866338050000000137e-01 1.915896286280858313e-02
1.869159420000000016e-01 1.906288052162319335e-02
1.871980799999999889e-01 1.896738529075296664e-02
1.874802170000000046e-01 1.887249342639581162e-02
1.877623539999999924e-01 1.877821792781777382e-02
1.880444910000000081e-01 1.868455661457787617e-02
1.883266289999999954e-01 1.859149423277651342e-02
1.886087660000000110e-01 1.849901102435582215e-02
1.888909029999999989e-01 1.840707079018851985e-02
1.891730399999999868e-01 1.831563839816205408e-02
1.894551780000000019e-01 1.822473010462036247e-02
1.897373149999999897e-01 1.813440152632957506e-02
1.900194520000000054e-01 1.804468609080584623e-02
1.903015889999999932e-01 1.795555767494477067e-02
1.905837270000000083e-01 1.786698164911231651e-02
1.908658639999999962e-01 1.777894685093794197e-02
1.911480010000000118e-01 1.769145631654615511e-02
1.914301389999999992e-01 1.760451263029379904e-02
1.917122759999999870e-01 1.751811750216479557e-02
1.919944130000000027e-01 1.743227116881676184e-02
1.922765499999999905e-01 1.734697116824227003e-02
1.925586880000000056e-01 1.726221292268876467e-02
1.928408249999999935e-01 1.717799483321071768e-02
1.931229620000000091e-01 1.709431898904614777e-02
1.934050989999999970e-01 1.701118701847955175e-02
1.936872370000000121e-01 1.692858739516574229e-02
1.939693740000000000e-01 1.684650241373854967e-02
1.942515109999999878e-01 1.676491302367050240e-02
1.945336490000000029e-01 1.668379940849019222e-02
1.948157859999999908e-01 1.660315001784708547e-02
1.950979230000000064e-01 1.652301453190379438e-02
1.953800599999999943e-01 1.644347289471906684e-02
1.956621980000000094e-01 1.636454177982309480e-02
1.959443349999999973e-01 1.628612675382401162e-02
1.962264720000000129e-01 1.620813747410117592e-02
1.965086090000000008e-01 1.613060403458097328e-02
1.967907469999999881e-01 1.605360878566530064e-02
1.970728840000000037e-01 1.597717540642172238e-02
1.973550209999999916e-01 1.590123123769431393e-02
1.976371590000000067e-01 1.582570884971147215e-02
1.979192959999999946e-01 1.575063123075027063e-02
1.982014330000000102e-01 1.567605581487205996e-02
1.984835699999999981e-01 1.560201246645801822e-02
1.987657080000000132e-01 1.552849041392156092e-02
1.990478450000000010e-01 1.545547441196366834e-02
1.993299819999999889e-01 1.538293629275130393e-02
1.996121190000000045e-01 1.531084438258489139e-02
1.998942569999999919e-01 1.523918974177920771e-02
2.001763940000000075e-01 1.516799426312636333e-02
2.004585309999999954e-01 1.509727696427664786e-02
2.007406690000000105e-01 1.502703555181158362e-02
2.010228059999999983e-01 1.495726174898670720e-02
2.013049429999999862e-01 1.488794998167316218e-02
2.015870800000000018e-01 1.481909901473132951e-02
2.018692179999999892e-01 1.475070924902403997e-02
2.021513550000000048e-01 1.468278934220791990e-02
2.024334919999999927e-01 1.461534857561858601e-02
2.027156290000000083e-01 1.454837534294168948e-02
2.029977669999999956e-01 1.448183514007123432e-02
2.032799040000000113e-01 1.441570280976747602e-02
2.035620409999999991e-01 1.434999243662739288e-02
2.038441789999999865e-01 1.428472769186807032e-02
2.041263160000000021e-01 1.421991882943057089e-02
2.044084529999999900e-01 1.415556169916809895e-02
2.046905900000000056e-01 1.409164854742302186e-02
2.049727279999999929e-01 1.402815944049464435e-02
2.052548650000000086e-01 1.396507395785681442e-02
2.055370019999999964e-01 1.390240000430693554e-02
2.058191390000000121e-01 1.384017122960206486e-02
2.061012769999999994e-01 1.377840641781107565e-02
2.063834139999999873e-01 1.371707432127684985e-02
2.066655510000000029e-01 1.365613485770626398e-02
2.069476879999999908e-01 1.359558215071702929e-02
2.072298260000000059e-01 1.353543719100958921e-02
2.075119629999999937e-01 1.347571552707246823e-02
2.077941000000000094e-01 1.341641210142252919e-02
2.080762379999999967e-01 1.335751859558794580e-02
2.083583750000000123e-01 1.329903221232359503e-02
2.086405120000000002e-01 1.324095305543489601e-02
2.089226489999999881e-01 1.318327990781292119e-02
2.092047870000000032e-01 1.312600713866714230e-02
2.094869239999999910e-01 1.306912927284946749e-02
2.097690610000000067e-01 1.301264291783320662e-02
2.100511979999999945e-01 1.295654663592267497e-02
2.103333360000000096e-01 1.290083747405507825e-02
2.106154729999999975e-01 1.284550990079664189e-02
2.108976100000000131e-01 1.279055857876948248e-02
2.111797480000000005e-01 1.273599097920702708e-02
2.114618849999999883e-01 1.268182261571071216e-02
2.117440220000000040e-01 1.262805485955930881e-02
2.120261589999999918e-01 1.257466040706054118e-02
2.123082970000000069e-01 1.252161210885860930e-02
2.125904339999999948e-01 1.246891968206375635e-02
2.128725710000000104e-01 1.241661145699469830e-02
2.131547079999999983e-01 1.236470233122665546e-02
2.134368460000000134e-01 1.231318074684370489e-02
2.137189830000000013e-01 1.226203206679186281e-02
2.140011199999999891e-01 1.221123567719835899e-02
2.142832580000000042e-01 1.216076858952779872e-02
2.145653949999999921e-01 1.211062607871185928e-02
2.148475320000000077e-01 1.206083335731606039e-02
2.151296689999999956e-01 1.201141497948587759e-02
2.154118070000000107e-01 1.196236819142765424e-02
2.156939439999999986e-01 1.191367919212225554e-02
2.159760809999999864e-01 1.186534095527551694e-02
2.162582180000000021e-01 1.181735802000843938e-02
2.165403559999999894e-01 1.176973209338776950e-02
2.168224930000000050e-01 1.172244252789736429e-02
2.171046299999999929e-01 1.167545986593672078e-02
2.173867680000000080e-01 1.162877973669857248e-02
2.176689049999999959e-01 1.158243347649787376e-02
2.179510420000000115e-01 1.153644858433956928e-02
2.182331789999999994e-01 1.149081938655584917e-02
2.185153169999999867e-01 1.144552863801807409e-02
2.187974540000000023e-01 1.140056499168034219e-02
2.190795909999999902e-01 1.135592350954382247e-02
2.193617280000000058e-01 1.131160053186444810e-02
2.196438659999999932e-01 1.126759558676242168e-02
2.199260030000000088e-01 1.122390986452212296e-02
2.202081399999999967e-01 1.118054881530052176e-02
2.204902780000000118e-01 1.113752332873245605e-02
2.207724149999999996e-01 1.109483672753979085e-02
2.210545519999999875e-01 1.105245495648292733e-02
2.213366890000000031e-01 1.101033578447963707e-02
2.216188269999999905e-01 1.096848397480368852e-02
2.219009640000000061e-01 1.092695382166168280e-02
2.221831009999999940e-01 1.088578396263108206e-02
2.224652380000000096e-01 1.084494389095724126e-02
2.227473759999999969e-01 1.080438712839240298e-02
2.230295130000000126e-01 1.076409494843321400e-02
2.233116500000000004e-01 1.072407396399875298e-02
2.235937869999999883e-01 1.068433745111010968e-02
2.238759250000000034e-01 1.064491803064685632e-02
2.241580619999999913e-01 1.060584998232344360e-02
2.244401990000000069e-01 1.056711327582529093e-02
2.247223369999999942e-01 1.052864185160013594e-02
2.250044740000000099e-01 1.049039122073373853e-02
2.252866109999999977e-01 1.045238800377583377e-02
2.255687480000000134e-01 1.041467195002251933e-02
2.258508860000000007e-01 1.037726618443659925e-02
2.261330229999999886e-01 1.034018145373395356e-02
2.264151600000000042e-01 1.030341270918610531e-02
2.266972969999999921e-01 1.026691244604388889e-02
2.269794350000000072e-01 1.023062989017712796e-02
2.272615719999999950e-01 1.019457105227606145e-02
2.275437090000000107e-01 1.015878099311017142e-02
2.278258469999999980e-01 1.012328859997397613e-02
2.281079840000000136e-01 1.008808007718890558e-02
2.283901210000000015e-01 1.005313607733959377e-02
2.286722579999999894e-01 1.001845488164511758e-02
2.289543960000000045e-01 9.984045689390319556e-03
2.292365329999999923e-01 9.949909835937390326e-03
2.295186700000000080e-01 9.916029157803207816e-03
2.298008069999999958e-01 9.882385542871775785e-03
2.300829450000000109e-01 9.848986305836148619e-03
2.303650819999999988e-01 9.815853611159837400e-03
2.306472189999999867e-01 9.782994212844328685e-03
2.309293570000000018e-01 9.750383682282670952e-03
2.312114939999999896e-01 9.717996905762778595e-03
2.314936310000000053e-01 9.685832716231215084e-03
2.317757679999999931e-01 9.653902543604809400e-03
2.320579060000000082e-01 9.622213778684015825e-03
2.323400429999999961e-01 9.590766708130884360e-03
2.326221800000000117e-01 9.559560370092760190e-03
2.329043169999999996e-01 9.528593084052603551e-03
2.331864549999999869e-01 9.497862758990845145e-03
2.334685920000000026e-01 9.467373789971155612e-03
2.337507289999999904e-01 9.437140509280737485e-03
2.340328670000000055e-01 9.407172718108949144e-03
2.343150039999999934e-01 9.377443000675375617e-03
2.345971410000000090e-01 9.347908460012238629e-03
2.348792779999999969e-01 9.318553937173160509e-03
2.351614160000000120e-01 9.289405838395391884e-03
2.354435529999999999e-01 9.260491192647954048e-03
2.357256899999999877e-01 9.231817766532326996e-03
2.360078270000000034e-01 9.203386123368399729e-03
2.362899649999999907e-01 9.175187583532626312e-03
2.365721020000000063e-01 9.147201336150920237e-03
2.368542389999999942e-01 9.119409349133824477e-03
2.371363770000000093e-01 9.091814988243197490e-03
2.374185139999999972e-01 9.064428895518733195e-03
2.377006510000000128e-01 9.037254744792066335e-03
2.379827880000000007e-01 9.010288077119623165e-03
2.382649259999999880e-01 8.983525184660131821e-03
2.385470630000000036e-01 8.956969144557682186e-03
2.388291999999999915e-01 8.930624336503992927e-03
2.391113370000000071e-01 8.904484988961071726e-03
2.393934749999999945e-01 8.878533803833091320e-03
2.396756120000000101e-01 8.852759208915617420e-03
2.399577489999999980e-01 8.827175298014152890e-03
2.402398870000000131e-01 8.801802337069923252e-03
2.405220240000000009e-01 8.776642540791555064e-03
2.408041609999999888e-01 8.751679333377974587e-03
2.410862980000000044e-01 8.726900037793921747e-03
2.413684359999999918e-01 8.702309604933738604e-03
2.416505730000000074e-01 8.677916826206668113e-03
2.419327099999999953e-01 8.653717265257036828e-03
2.422148470000000109e-01 8.629694699956511408e-03
2.424969849999999982e-01 8.605835531148540996e-03
2.427791220000000139e-01 8.582137161255326899e-03
2.430612590000000017e-01 8.558600143500412483e-03
2.433433959999999896e-01 8.535243763848048698e-03
2.436255340000000047e-01 8.512102682271999871e-03
2.439076709999999926e-01 8.489193216301411590e-03
2.441898080000000082e-01 8.466473221940077828e-03
2.444719459999999955e-01 8.443892564220737557e-03
2.447540830000000112e-01 8.421445810519527855e-03
2.450362199999999990e-01 8.399160657427871823e-03
2.453183569999999869e-01 8.377056040135874571e-03
2.456004950000000020e-01 8.355124409466617094e-03
2.458826319999999899e-01 8.333354648481153606e-03
2.461647690000000055e-01 8.311743818219823401e-03
2.464469059999999934e-01 8.290294768146517015e-03
2.467290440000000085e-01 8.269009394771546090e-03
2.470111809999999963e-01 8.247887399153525090e-03
2.472933180000000120e-01 8.226928497025684170e-03
2.475754559999999993e-01 8.206138996703200850e-03
2.478575929999999872e-01 8.185529402684667277e-03
2.481397300000000028e-01 8.165095940572988237e-03
2.484218669999999907e-01 8.144803780179198094e-03
2.487040050000000058e-01 8.124618147038551591e-03
2.489861419999999936e-01 8.104545303878087081e-03
2.492682790000000093e-01 8.084613876547028580e-03
2.495504159999999971e-01 8.064846975738393375e-03
2.498325540000000122e-01 8.045256074942108704e-03
2.501146910000000001e-01 8.025847705301599258e-03
2.503968280000000157e-01 8.006596420229463579e-03
2.506789660000000031e-01 7.987461177986786287e-03
2.509611030000000187e-01 7.968426069134344758e-03
2.512432399999999788e-01 7.949519807604476726e-03
2.515253769999999944e-01 7.930772139319397160e-03
2.518075149999999818e-01 7.912185366875277084e-03
2.520896519999999974e-01 7.893749689498463784e-03
2.523717890000000130e-01 7.875455686265533939e-03
2.526539259999999731e-01 7.857295031125560714e-03
2.529360640000000160e-01 7.839259084969657509e-03
2.532182009999999761e-01 7.821337144708862335e-03
2.535003379999999917e-01 7.803517792141495026e-03
2.537824759999999791e-01 7.785809547382797381e-03
2.540646129999999947e-01 7.768250239669634814e-03
2.543467500000000103e-01 7.750870294669354003e-03
2.546288870000000260e-01 7.733644526899764726e-03
2.549110250000000133e-01 7.716528103668338946e-03
2.551931619999999734e-01 7.699500088396223248e-03
2.554752989999999890e-01 7.682570732945706408e-03
2.557574360000000047e-01 7.665752075412581197e-03
2.560395739999999920e-01 7.649053881278168772e-03
2.563217110000000076e-01 7.632485196537390146e-03
2.566038480000000233e-01 7.616049078710741653e-03
2.568859860000000106e-01 7.599741636975935674e-03
2.571681230000000262e-01 7.583556907005361419e-03
2.574502599999999863e-01 7.567480217705074147e-03
2.577323970000000020e-01 7.551495243163224014e-03
2.580145349999999893e-01 7.535605938164192941e-03
2.582966720000000049e-01 7.519838459591011125e-03
2.585788090000000206e-01 7.504213678251262475e-03
2.588609459999999807e-01 7.488726752945705153e-03
2.591430840000000235e-01 7.473365516899659403e-03
2.594252209999999836e-01 7.458104667127380370e-03
2.597073579999999993e-01 7.442905684916638689e-03
2.599894950000000149e-01 7.427748910872299104e-03
2.602716330000000022e-01 7.412686216288059439e-03
2.605537700000000179e-01 7.397782811948169605e-03
2.608359069999999780e-01 7.383040513258392820e-03
2.611180450000000208e-01 7.368404921883528989e-03
2.614001819999999809e-01 7.353835033745277812e-03
2.616823189999999966e-01 7.339339899581139026e-03
2.619644560000000122e-01 7.324937853211826826e-03
2.622465939999999995e-01 7.310629164610838761e-03
2.625287310000000152e-01 7.296399760696760210e-03
2.628108679999999753e-01 7.282244837968640007e-03
2.630930049999999909e-01 7.268188703615906070e-03
2.633751429999999782e-01 7.254259070619384353e-03
2.636572799999999939e-01 7.240457763361711138e-03
2.639394170000000095e-01 7.226767484102690486e-03
2.642215549999999968e-01 7.213170187853329765e-03
2.645036920000000125e-01 7.199647130095973915e-03
2.647858289999999726e-01 7.186181082856583392e-03
2.653501039999999755e-01 7.159451572329270617e-03
2.656322409999999912e-01 7.146221745667776133e-03
2.659143780000000068e-01 7.133093064840477678e-03
2.661965150000000224e-01 7.120068934432787454e-03
2.664786530000000098e-01 7.107137055795688732e-03
2.667607900000000254e-01 7.094276010651299341e-03
2.670429269999999855e-01 7.081475748538784178e-03
2.673250649999999728e-01 7.068751066951466794e-03
2.676072019999999885e-01 7.056117669890348693e-03
2.678893390000000041e-01 7.043568872267662664e-03
2.681714760000000197e-01 7.031086152522400719e-03
2.684536140000000071e-01 7.018659651830344917e-03
2.687357510000000227e-01 7.006296617979625337e-03
2.690178879999999828e-01 6.994007486698337016e-03
2.693000249999999984e-01 6.981813990276130102e-03
2.695821629999999858e-01 6.969742844393031315e-03
2.698643000000000014e-01 6.957785841912067157e-03
2.701464370000000170e-01 6.945873750290926588e-03
2.704285750000000044e-01 6.933945624086547584e-03
2.707107120000000200e-01 6.922043424448774858e-03
2.709928489999999801e-01 6.910252843938109041e-03
2.712749859999999957e-01 6.898603646670348893e-03
2.715571239999999831e-01 6.887037531016671106e-03
2.718392609999999987e-01 6.875500271206790200e-03
2.721213980000000143e-01 6.864011419608492641e-03
2.724035349999999744e-01 6.852618545485781969e-03
2.729678099999999774e-01 6.830070933275752404e-03
2.732499469999999930e-01 6.818808012478292692e-03
2.735320849999999804e-01 6.807576272466344704e-03
2.738142219999999960e-01 6.796445707909856519e-03
2.740963590000000116e-01 6.785432687781468158e-03
2.743784960000000273e-01 6.774484958438020676e-03
2.746606340000000146e-01 6.763558012020003292e-03
2.749427709999999747e-01 6.752669262747033538e-03
2.752249079999999903e-01 6.741854516345400714e-03
2.755070450000000060e-01 6.731122512574030069e-03
2.757891829999999933e-01 6.720450470871210287e-03
2.760713200000000089e-01 6.709819228843060500e-03
2.763534570000000246e-01 6.699233165053071655e-03
2.766355939999999847e-01 6.688703051337401180e-03
2.769177320000000275e-01 6.678232628850365969e-03
2.771998689999999876e-01 6.667818393462110818e-03
2.774820060000000033e-01 6.657458520573439169e-03
2.777641439999999906e-01 6.647159760115342771e-03
2.780462810000000062e-01 6.636930149445718907e-03
2.783284180000000219e-01 6.626757170665207274e-03
2.788926930000000248e-01 6.606465962788550875e-03
2.791748299999999849e-01 6.596357646084211046e-03
2.794569670000000006e-01 6.586322042905531048e-03
2.797391040000000162e-01 6.576366413508246897e-03
2.800212420000000035e-01 6.566471308577051004e-03
2.803033790000000192e-01 6.556620597682237886e-03
2.805855159999999793e-01 6.546811111075487820e-03
2.808676540000000221e-01 6.537042108487304062e-03
2.811497909999999822e-01 6.527310274428196023e-03
2.814319279999999979e-01 6.517610101458896910e-03
2.817140650000000135e-01 6.507941414199195501e-03
2.819962030000000008e-01 6.498319307980126441e-03
2.822783400000000165e-01 6.488759905397703184e-03
2.825604769999999766e-01 6.479255542387705666e-03
2.828426139999999922e-01 6.469781867083693010e-03
2.836890260000000108e-01 6.441543812345645707e-03
2.839711639999999981e-01 6.432234544630556147e-03
2.842533010000000138e-01 6.422959912426613217e-03
2.845354379999999739e-01 6.413707328184113828e-03
2.848175749999999895e-01 6.404479382197282751e-03
2.850997129999999768e-01 6.395281694405122001e-03
2.853818499999999925e-01 6.386129416455966004e-03
2.856639870000000081e-01 6.377042930199712696e-03
2.859461240000000237e-01 6.368024207644562909e-03
2.862282620000000111e-01 6.359036869658219772e-03
2.865103990000000267e-01 6.350044895662597041e-03
2.867925359999999868e-01 6.341056449951719409e-03
2.870746739999999741e-01 6.332102651388231591e-03
2.873568109999999898e-01 6.323203185760946018e-03
2.876389480000000054e-01 6.314355767152197464e-03
2.879210850000000210e-01 6.305554472225380867e-03
2.882032230000000084e-01 6.296783397691248230e-03
2.887674969999999841e-01 6.279269564224893019e-03
2.890496339999999997e-01 6.270555005952603567e-03
2.893317719999999871e-01 6.261905571571273720e-03
2.896139090000000027e-01 6.253307501693870091e-03
2.898960460000000183e-01 6.244730007275946758e-03
2.904603210000000213e-01 6.227597610502042663e-03
2.907424579999999814e-01 6.219059191985691973e-03
2.910245949999999970e-01 6.210546670173958811e-03
2.913067329999999844e-01 6.202062836792096058e-03
2.915888700000000000e-01 6.193612653261216204e-03
2.918710070000000156e-01 6.185203855214491467e-03
2.921531439999999757e-01 6.176840456714997700e-03
2.924352820000000186e-01 6.168504844437733281e-03
2.927174189999999787e-01 6.160172759677070599e-03
2.929995559999999943e-01 6.151840836650587785e-03
2.932816939999999817e-01 6.143531836101097030e-03
2.935638309999999973e-01 6.135264512740252682e-03
2.938459680000000129e-01 6.127029674552410439e-03
2.941281049999999730e-01 6.118810193149813552e-03
2.944102430000000159e-01 6.110602962639492992e-03
2.946923799999999760e-01 6.102420807152501847e-03
2.949745169999999916e-01 6.094275918205505245e-03
2.952566540000000073e-01 6.086174478493468556e-03
2.955387919999999946e-01 6.078120300421568055e-03
2.958209290000000102e-01 6.070100432795177449e-03
2.963852029999999860e-01 6.054052592576686376e-03
2.966673409999999733e-01 6.046025334063453126e-03
2.969494779999999889e-01 6.038032579063627378e-03
2.972316150000000046e-01 6.030076024158852535e-03
2.975137529999999919e-01 6.022131520626583523e-03
2.980780270000000232e-01 6.006260922500179789e-03
2.983601639999999833e-01 5.998389243753851977e-03
2.986423020000000261e-01 5.990562269591504126e-03
2.989244389999999862e-01 5.982740466172172325e-03
2.992065760000000019e-01 5.974897485910049891e-03
2.997708510000000048e-01 5.959226715117229081e-03
3.000529880000000205e-01 5.951441063392000873e-03
3.003351249999999806e-01 5.943703713911137505e-03
3.008993999999999835e-01 5.928350378984971643e-03
3.011815369999999992e-01 5.920682374689320397e-03
3.014636740000000148e-01 5.913005017922899099e-03
3.017458120000000021e-01 5.905326908361372903e-03
3.020279490000000178e-01 5.897656586474443914e-03
3.023100859999999779e-01 5.890001450637149735e-03
3.025922229999999935e-01 5.882369019724292651e-03
3.028743609999999808e-01 5.874769596917596252e-03
3.031564979999999965e-01 5.867215242109052702e-03
3.037207729999999994e-01 5.852200494156968059e-03
3.040029100000000151e-01 5.844672288258857297e-03
3.042850469999999752e-01 5.837133339476168956e-03
3.045671839999999908e-01 5.829624695655304459e-03
3.048493219999999781e-01 5.822166067251548227e-03
3.051314589999999938e-01 5.814733890934405992e-03
3.054135960000000094e-01 5.807301712667374723e-03
3.056957330000000250e-01 5.799863244729268688e-03
3.059778710000000124e-01 5.792422373717265663e-03
3.065421449999999881e-01 5.777566791744875863e-03
3.068242829999999755e-01 5.770176377350353346e-03
3.071064199999999911e-01 5.762820149183026271e-03
3.073885570000000067e-01 5.755500073653673637e-03
3.076706940000000223e-01 5.748207946336342591e-03
3.079528320000000097e-01 5.740918912942578542e-03
3.082349690000000253e-01 5.733611787570059952e-03
3.085171059999999854e-01 5.726299423768027412e-03
3.087992430000000010e-01 5.719008341936617293e-03
3.093635180000000040e-01 5.704510866097673057e-03
3.096456550000000196e-01 5.697280428129296651e-03
3.099277930000000070e-01 5.690057120001705722e-03
3.102099300000000226e-01 5.682844054008013603e-03
3.107742039999999983e-01 5.668472903817832129e-03
3.110563419999999857e-01 5.661329019803988845e-03
3.113384790000000013e-01 5.654206697606947198e-03
3.116206160000000169e-01 5.647093110362903443e-03
3.119027529999999770e-01 5.639977567319099695e-03
3.124670279999999800e-01 5.625713761632003193e-03
3.130313020000000113e-01 5.611501477102693800e-03
3.133134399999999986e-01 5.604457887500506434e-03
3.135955770000000142e-01 5.597423509008837492e-03
3.138777139999999743e-01 5.590373534420535646e-03
3.141598520000000172e-01 5.583323029537090934e-03
3.144419889999999773e-01 5.576296691964644121e-03
3.147241259999999929e-01 5.569298983286802111e-03
3.150062630000000086e-01 5.562314401844303986e-03
3.155705380000000115e-01 5.548351846008977260e-03
3.158526750000000272e-01 5.541384746942636975e-03
3.161348119999999873e-01 5.534433601197918766e-03
3.164169499999999746e-01 5.527499729778247335e-03
3.166990869999999902e-01 5.520583077367679017e-03
3.172633619999999932e-01 5.506782092029514214e-03
3.175454990000000088e-01 5.499890168295600880e-03
3.178276360000000245e-01 5.493003505076164694e-03
3.183919110000000274e-01 5.479251050109005573e-03
3.186740479999999875e-01 5.472390847052905835e-03
3.189561850000000032e-01 5.465551207826156374e-03
3.192383220000000188e-01 5.458745167384959282e-03
3.195204600000000061e-01 5.451974691585558842e-03
3.198025970000000218e-01 5.445211984478805049e-03
3.200847339999999819e-01 5.438427245774348807e-03
3.206490089999999848e-01 5.424842888998247445e-03
3.209311460000000005e-01 5.418095100121716849e-03
3.212132830000000161e-01 5.411378957616419863e-03
3.214954210000000034e-01 5.404684936479368755e-03
3.217775580000000191e-01 5.397994461609909728e-03
3.223418319999999948e-01 5.384546106683551353e-03
3.226239699999999822e-01 5.377815529943334207e-03
3.229061069999999978e-01 5.371126019590096411e-03
3.231882440000000134e-01 5.364473020993389130e-03
3.234703820000000007e-01 5.357831059022995224e-03
3.237525190000000164e-01 5.351188341686896437e-03
3.240346559999999765e-01 5.344559887467419459e-03
3.243167929999999921e-01 5.337960600050328970e-03
3.245989309999999795e-01 5.331378894673298452e-03
3.254453420000000263e-01 5.311600883309927461e-03
3.260096169999999738e-01 5.298521613882601483e-03
3.265738919999999768e-01 5.285443969811389961e-03
3.268560289999999924e-01 5.278911062935990467e-03
3.274203030000000236e-01 5.265940144583865050e-03
3.279845780000000266e-01 5.252990809426411230e-03
3.282667149999999867e-01 5.246519623295709152e-03
3.293952640000000209e-01 5.220788820152534940e-03
3.296774020000000083e-01 5.214392686648437747e-03
3.308059509999999870e-01 5.188940145423767171e-03
